0.6075460783837776 0.1682932136953757 0.052240330024915294 0.4168897271448483 0.106625282077568 0.3648351648351648 0.4936107401419836 0.003008865961476384 0.29305610043154184 0.09628653453333502
0.0963631687746016 0.4666529289734281 0.0 0.8018216780794739 0.0021934052295755875 0.8351648351648351 0.06259225416461667 0.015589524097725141 0.18909376225970964 0.12487033198863885
0.6076527696332479 0.1454108061881746 0.0 0.43246635091226826 0.106740870923696 0.4945054945054947 0.7785197160328954 0.00758342924303753 0.3316987053746566 0.09989817953124812
0.6792778955938759 0.15480717343481554 0.06247191929093653 0.35042217292038186 7.710623418802189e-08 0.28571428571428564 0.40205243550994574 0.0011372363139910031 0.04629266378972141 0.0035133254166668237
0.21727565390446535 0.47621720239633275 0.0 0.7944940388431603 0.18692466379292866 0.7137073452862928 0.07218668728474031 0.014477197650526248 0.5233424872499021 0.017644212807017112
0.3090488165877403 0.37872560152215495 0.0 0.43426154992421473 0.0008599269256606291 0.2747252747252747 0.4175862796091938 0.005024279679506093 0.10396233817183209 0.35696869499999906
0.7122788602288368 0.36057952029622126 0.0 0.3657535703238917 0.0014555151413208707 0.3736263736263737 0.195239099365057 0.0183869549640759 0.1769321302471557 0.3662642877777769
0.6120844591169567 0.13634321721477705 0.014561124045255875 0.42236210121610346 0.16301040711185477 0.49816849816849834 0.7867435158501439 0.00838807899841211 0.32816790898391524 0.10362261126157346
0.6799899416301185 0.16558768801012846 0.0 0.43625262615755234 0.008256673758191163 0.4879120879120879 0.7637168763618469 0.00716694760597061 0.3377795213809337 0.5172178315833342
0.6945036257601531 0.20993473158436426 0.0 0.44504180524704934 0.007379327003338657 0.47252747252747257 0.7291769171294018 0.006224191204216946 0.35229501765398197 0.6764700087326423
0.5212544311256022 0.15438440156317024 0.15090062492341608 0.48451166115310645 0.10112293036354868 0.42157842157842146 0.5715956216413096 0.005497384266440846 0.3907414672420556 0.09816750818181497
0.3889449855246281 0.4117264115806307 0.0 0.5714598359399222 0.015365323048298392 0.24175824175824173 0.1379770858227316 0.0018464792898163114 0.4825421734013339 0.0
0.27095184741580747 0.5226880416372188 0.0 0.7919445439187537 0.0005906618435830484 0.6928860613071139 0.07550506264959522 0.014689939189349119 0.5637504903883873 0.2728558207017544
0.5977752415897253 0.20645091149958544 0.0 0.3714547125537048 0.07302697957021814 0.4131868131868132 0.5990581289098196 0.008827739073200759 0.3307179285994507 0.1362006298500038
0.6119456241002568 0.12588691647403788 0.0 0.42441048186145885 0.27588861545879056 0.5010989010989013 0.7933225557039434 0.008311602882325138 0.32561788936837976 0.08715127597916528
0.5972982663378643 0.17516946011512097 0.0 0.4384745002794256 0.05061223616790885 0.4835164835164834 0.7538483165811487 0.006913268110972055 0.3418987838367987 0.10424977167361238
0.6044523421234655 0.15554858620118367 0.0 0.4246613946324965 0.07865116812295943 0.4908424908424908 0.7702959162156462 0.008043554008609358 0.33503334641035687 0.10267426807870628
0.7854689827907133 0.09200659776167686 0.28358452803986434 0.404848043224438 0.0009308728071274213 0.5201465201465203 0.8360863147536373 0.010270962720453206 0.308552373479796 0.8242985487037027
0.22706331368777444 0.39571996244418184 0.0 0.6873797031707531 0.03946814234624459 0.6153846153846152 0.15625219652772881 0.008008933841971266 0.2710867006669281 0.0
0.6142089001155782 0.13818974359913155 0.0 0.42786624710409005 0.16288067931382202 0.49816849816849834 0.7867435158501439 0.007993591610120407 0.32816790898391524 0.11483872292823973
0.46654409717072354 0.11544505845906117 0.36129150839357926 0.43498760893815747 0.05617940588237017 0.3736263736263737 0.6000763136490979 0.0035909852613406103 0.3018830914083953 0.05030728964285824
0.28818626788077895 0.45185577648591685 0.0 0.68959299065113 0.005847892979567153 0.6043956043956042 0.06259225416461656 0.00808724780920917 0.26480972930560986 0.02413916125000081
0.2940322896414418 0.4569833251228837 0.0 0.6151490125741595 0.014025832424395963 0.5054945054945055 0.33315526815210506 0.007776987482810062 0.41094546881129845 0.2512416782500031
0.6154642487497017 0.11344180081089827 0.0 0.4227305295987026 0.0032181034492627146 0.5054945054945055 0.8031911154846416 0.008540698062681984 0.32149862691251474 0.08212054111111478
0.6815110153343449 0.054572664423808426 0.009966098925785231 0.39628843299217087 0.09550498980340137 0.5384615384615385 0.8772053138398819 0.011445201866326311 0.2924676343664182 0.0812312951389016
0.658476240403701 0.07330985145641344 0.267757219295021 0.40514090953706994 0.05059293854208475 0.5274725274725276 0.8525339143881352 0.010434245574598003 0.30207924676343645 0.07614685744444394
0.2390741141335202 0.47601980809318173 0.0 0.7019034822047107 0.03544459709968212 0.5054945054945055 0.38688409362479814 0.0022803242218961198 0.2187132208709296 0.24636815000000034
0.5910739466637256 0.20851799629052942 0.0 0.44430578167757817 0.09569650511619976 0.47252747252747257 0.7291769171294018 0.006271698393302216 0.35229501765398197 0.13040691206597546
0.6470775994165634 0.07890579687376481 0.022893436261896025 0.4112732752533995 0.02808970280073657 0.5230769230769232 0.8426653546074365 0.009838805535528038 0.3058061985092192 0.06257866599998962
0.6093412882956533 0.18819493261304016 0.0 0.3553806826689641 0.0449195822229963 0.3736263736263737 0.6320903915091025 0.010156927901401137 0.13005100039231066 0.21294245359375447
0.5636472888645927 0.15676292218037258 0.0 0.3382934609844225 0.044953973007929304 0.5054945054945055 0.6108455753145428 0.014382663910600182 0.06100431541781082 0.10525749835937326
0.6387781112142854 0.1592720008414305 0.3185271412817057 0.364207632071528 0.011222339917265478 0.30769230769230765 0.48611794475293446 0.010666180367167377 0.09258532757944282 0.4606353312499998
0.6673710549600658 0.20194173203413535 0.0 0.3421707869748394 0.06188260964550181 0.3453689167974883 0.5205795820823587 0.005609815995218193 0.1545704197724599 0.10308344496428924
0.6535570090501666 0.191047079873077 0.0 0.44160396048167433 0.0014142468735541406 0.47912087912087914 0.7439797568004498 0.006602238303469423 0.34601804629266375 0.4248786464305585
0.6314469602091912 0.22059975897358308 0.0 0.42825753519260235 3.4432357693142886e-06 0.5156382079459003 0.651648274407816 0.010034884466349724 0.1671243624950961 0.2966355637499971
0.6152821386331364 0.11328351393199054 0.14940979455132136 0.4228717443499197 0.028089702894368917 0.5054945054945055 0.8031911154846416 0.008530415990266667 0.32149862691251474 0.08115908000000349
0.5942941138008333 0.19839737361100185 0.0 0.44157243751191877 0.07338785949887736 0.4761904761904762 0.7374007169466505 0.006535477679679505 0.34876422126324036 0.12773504004629646
0.5674936554349586 0.19603760113408197 0.12420863456275776 0.5339624705495726 0.22471762296768663 0.5384615384615385 0.5859457369789836 0.006170937023333056 0.2875637504903884 0.1114128900000102
0.5212881649748375 0.18833382945111998 0.0 0.44024543667814664 0.1629472783137804 0.5054945054945055 0.6065509242988683 0.011987557037584938 0.5849352687328365 0.10471187566665208
0.6232775157627393 0.1663335725915086 0.0 0.43905805327717284 0.02930350492586899 0.4879120879120879 0.7637168763618469 0.006978118000329225 0.3377795213809337 0.21780123125000106
0.6100346855495664 0.13456159043550003 0.0 0.42889015591164037 0.1067368251638016 0.49816849816849834 0.7867435158501439 0.007921263118713905 0.32816790898391524 0.09280071070601804
0.5992987838465262 0.19737782037851093 0.2991463464444717 0.38872766090275446 0.0064906054637855065 0.49607535321821045 0.5808874474088503 0.01694153757498454 0.22734405649274236 0.3507154385714397
0.154777712980269 0.5190812364002912 0.0 0.7574135964945004 0.10563966890031357 0.5467032967032968 0.20787938426934716 0.003399681637930311 0.8050215770890544 0.3133508775694551
0.5864951704167123 0.22779336787166932 0.0 0.45210668824474437 0.23139495599487664 0.465934065934066 0.714374077458354 0.00562419047110381 0.35857198901529996 0.14164427470138996
0.6111200071093845 0.14506537424657995 0.31709757791120374 0.4700975528001041 0.0003841707866334697 0.3736263736263737 0.5797126188635291 0.0037560844084621597 0.21125931737936454 0.5099641196428575
0.6564167301435089 0.07151976171668395 0.1329085487889556 0.40705261488467825 0.050589118230145044 0.5274725274725276 0.8525339143881352 0.010281568623696592 0.30207924676343645 0.06527355144444424
0.6032763979007845 0.14737518760020812 0.0 0.43157812551410113 0.010865643949838437 0.4945054945054947 0.7785197160328954 0.007645005162399007 0.3316987053746566 0.07679286661458208
0.16160245761703163 0.4679967812970957 0.0 0.7130474786827835 0.20200920329561897 0.6248037676609106 0.12179055919830506 0.011734422541040908 0.7334248724990192 0.00927759565477082
0.5890477673963892 0.2196764120203526 0.0 0.4455234950415168 0.14074233004780234 0.4688644688644689 0.7209531173121526 0.006107862592564066 0.3556296586896822 0.13938251353009526
0.41861879211625075 0.1133943708036056 0.19307274435322472 0.44288909986488345 0.04508338320505573 0.41130298273155425 0.6259225416461656 0.005930227913538359 0.19085916045508033 0.23360281809523364
0.5888725997788273 0.21952415943827464 0.0 0.4481860157688909 0.14128723264193485 0.4688644688644689 0.7209531173121526 0.005938073101813018 0.3556296586896822 0.13845770575231686
0.6042529802791403 0.13895428610539734 0.0 0.48217661602284106 0.010209665120332835 0.5174825174825175 0.5561448462270844 0.006995859948330067 0.3346410357002746 0.6254577242045416
0.6119514315297157 0.12589196418857956 0.05706000081689337 0.42480070708554785 0.2754932085101397 0.5010989010989013 0.7933225557039434 0.008283510736271954 0.32561788936837976 0.08718193664583129
0.5657479181534544 0.2197587762674118 0.0 0.5402730011100368 0.241539154411171 0.5290423861852434 0.6245519083432909 0.004846491439405368 0.15437426441741853 0.1378732337499935
0.36459066735719414 0.4279066247232157 0.0 0.7320009621894334 0.02707433251592317 0.5714285714285714 0.13660645251985648 0.007527492888376376 0.21969399764613573 0.06402370596774176
0.5539224081418903 0.16727722744240903 0.22368582281583146 0.47814041212461594 0.5672788676756308 0.4127747252747253 0.49185747170872296 0.0037659911430814666 0.4711651628089445 0.03555233558593773
0.5182477520388926 0.1578633127543857 0.11524322999632393 0.48232400517624147 0.22471762296768663 0.42857142857142877 0.5704118928797357 0.005995175608081712 0.4142801098469989 0.09143061041666556
0.7603053055355715 0.12305926202169204 0.3102560960666585 0.3988189395344366 0.028074355710714358 0.5384615384615385 0.8772053138398819 0.011233136592156315 0.2924676343664182 0.4972304018055693
0.6863883901116528 0.1880210001726506 0.033370093534289096 0.34368094797619625 0.005623514118977036 0.3136863136863138 0.4704179632836414 0.003105009979489589 0.07453903491565328 0.06733884402597301
0.41425285264709655 0.13371480124269852 0.24621165706816975 0.4434022211241404 0.005614199433079798 0.4131868131868132 0.6571729809517113 0.004172892233129229 0.31365241271086697 0.0013272570000140151
0.2341673163941531 0.46917710357171566 0.0 0.752112437677291 0.003326088225577873 0.6373626373626373 0.07675546496098973 0.011358348496853285 0.3942722636327972 0.34229090801587425
0.7219482637619989 0.16623811600824895 0.0 0.43947198088915324 0.010502039039110525 0.4879120879120879 0.7637168763618469 0.006950450291550104 0.3377795213809337 0.7387392702500009
0.6589428410938307 0.10713475950054718 0.2738226524527223 0.42025317677230034 0.05058367425847757 0.5274725274725276 0.8525339143881354 0.009263117691424447 0.30207924676343645 0.07861030333333385
0.7690169839915667 0.09246648030709781 0.2817669403259404 0.4060523617840846 0.00026935581181762705 0.5201465201465203 0.8360863147536373 0.010175013840446535 0.308552373479796 0.7374392498148143
0.6952155945961351 0.2830853854520473 0.030408855123963525 0.36794384273093533 0.01123702998913918 0.3472527472527472 0.5524565966120758 0.003123680899502778 0.10455080423695562 0.4785552627000005
0.673007864573687 0.07043703937748996 0.02491524731446312 0.4039407751348836 0.12359469232324091 0.531868131868132 0.8624024741688341 0.010643101839208115 0.2981561396626128 0.10625581855555843
0.4650701222104645 0.1300286541186111 0.020013887187027703 0.44760761496999607 0.0054669971713832205 0.4175824175824175 0.6192216677210003 0.005217101439048015 0.38779913691643764 0.30841610250000073
0.8469891733791168 0.0029996601491172337 0.6712412694522729 0.32403734081081964 3.1432377434024223e-07 0.42637362637362647 0.7300906726646519 0.009029324502238388 0.03020792467634359 0.524485520999999
0.6141166646135912 0.11227050461388471 0.2571988726871707 0.4209891186441972 0.028089702941185086 0.5054945054945055 0.8031911154846416 0.008668028516835687 0.32149862691251474 0.07500589111111555
0.5888725997788273 0.21952415943827464 0.0 0.4481860157688909 0.14128723264193485 0.4688644688644689 0.7209531173121526 0.005938073101813018 0.3556296586896822 0.13845770575231686
0.5620993529545883 0.09943368982702455 0.0 0.38774539582874706 0.0786511678420624 0.31711145996860285 0.5593489240779603 0.006677209329755858 0.007650058846606522 0.048333320133928666
0.6065391543744667 0.21073229519042208 0.0 0.44634701836708957 0.023929898151181437 0.47252747252747257 0.7291769171294018 0.006140310284470839 0.35229501765398197 0.2120563891493097
0.6863883901116528 0.1880210001726506 0.033370093534289096 0.34368094797619625 0.005623514118977036 0.3136863136863138 0.4704179632836414 0.003105009979489589 0.07453903491565328 0.06733884402597301
0.6445095719183891 0.08700934079246114 0.2499489441653392 0.4129147966944015 0.07865116812295943 0.5201465201465203 0.8360863147536373 0.00963835602590659 0.308552373479796 0.0800950175925923
0.6813582763313097 0.054439906395128024 0.1610505248539803 0.39944506643115985 0.09550108898637344 0.5384615384615385 0.8772053138398819 0.011181055439679406 0.2924676343664182 0.08042490055556772
0.2701240226469932 0.4512601918826954 0.0 0.6415998065474605 0.01698603991152501 0.4000000000000001 0.17087228509172703 0.005803967803775994 0.7069438995684582 0.0
0.5401303309543637 0.20711802457891576 0.0 0.488160549774098 0.14069484609059985 0.5149136577708007 0.623181275040416 0.0075242911136787285 0.2791290702236172 0.1321980010714281
0.6795122463686301 0.14957363153312386 0.2979210064126128 0.29081599643347267 1.0824366974263838e-05 0.2777222777222777 0.3478085841901124 0.006397502466618923 0.11416241663397408 0.08365055642045771
0.1268912672943081 0.45270748680711004 0.0 0.7420130508934734 0.0010927220230039015 0.8131868131868132 0.034265832571870436 0.016165191321067737 0.2563750490388387 0.10761471005681678
0.6868235299595673 0.16535249037061844 0.0 0.43602493806270554 0.001744634868029096 0.4879120879120879 0.7637168763618469 0.007182373873213382 0.3377795213809337 0.5532961645833341
0.615401229106626 0.11338702525641231 0.04049748805293463 0.42252942551985456 0.02808970295679047 0.5054945054945055 0.8031911154846416 0.008555351979622094 0.32149862691251474 0.0817878251851889
0.8164765792477138 0.05446960626479219 0.008230200547318503 0.33886781978466646 2.9530704554414357e-06 0.42637362637362647 0.7300906726646519 0.007680099573839257 0.03020792467634359 0.3633924789999998
0.7046647550773804 0.26849050521905227 0.0 0.4320142547671595 0.05064603723762126 0.4835164835164834 0.7538483165811487 0.007351216368740837 0.3418987838367987 0.6710974872569446
0.6471497008138343 0.21786097815107253 0.0 0.3572129396398599 0.10674087148549007 0.38021978021978026 0.5757573627609476 0.006970399767528123 0.2289132993330717 0.14393927052500194
0.589411925019071 0.21999293135827885 0.0 0.4471115298725087 0.14115377790213451 0.4688644688644689 0.7209531173121526 0.006006362684737053 0.3556296586896822 0.14130510519676154
0.5912684726951682 0.20868707486213256 0.0 0.44730203527064877 0.09563076004320653 0.47252747252747257 0.7291769171294018 0.006079228969698026 0.35229501765398197 0.13143392373264273
0.6076527696332479 0.1454108061881746 0.0 0.43246635091226826 0.106740870923696 0.4945054945054947 0.7785197160328954 0.00758342924303753 0.3316987053746566 0.09989817953124812
0.7553584144698551 0.001346782943805247 0.45394763713597186 0.33500875941192626 0.0224717623342216 0.42637362637362647 0.7300906726646519 0.008020476498580384 0.03020792467634359 0.040715520000000005
0.3919860412469811 0.1899942299344034 0.44130621247396146 0.21515429732886845 0.0037458055011499055 0.3736263736263737 0.7495287449599672 0.02115757249369317 0.0001961553550412498 0.06673284484848985
0.6842583611807826 0.033705446066050526 0.4080178082751297 0.39408370483279015 0.23041703209286693 0.5450549450549451 0.8920081535109301 0.011804488491398743 0.2867791290702236 0.02581865988888854
0.908110589506605 0.15226721240224428 0.595596944818854 0.31067662482917935 0.007167160281489676 0.45477599323753176 0.7697336051170309 0.01277397881005169 0.10141231855629662 0.9196108292307708
0.013674027721775506 0.454078811630141 0.0 0.9893728635930868 6.05369611969514e-05 0.7912087912087911 0.04020524355099475 0.015173766301927863 0.0 0.0802552738889073
0.6484560238019474 0.21031797549149467 0.0 0.4471487566765056 0.01123893419009204 0.47252747252747257 0.7291769171294018 0.006089015761507919 0.35229501765398197 0.4333589758159766
0.6769109405756049 0.050574361144250235 0.3535718661928685 0.39688345654356216 0.0955049900842984 0.5384615384615385 0.8772053138398819 0.011395107915188406 0.2924676343664182 0.05694492888890058
0.7067153958568704 0.19777351787670688 0.0 0.4026713040336379 0.001554520107812347 0.3736263736263737 0.5127829926452268 0.0043667466062827336 0.300313848568066 0.6364931286818214
0.6115210315375963 0.27540627659693123 0.0 0.4370160940599206 0.0026225119564704798 0.4835164835164834 0.7538483165811487 0.007011064397035784 0.3418987838367987 0.17933970017361126
0.6071116507352072 0.1449404752526708 0.019278683167912435 0.42552402776758547 0.10674087120459302 0.4945054945054947 0.7785197160328954 0.008071174298234708 0.3316987053746566 0.09704131036458286
0.5985628490975647 0.17626861298992497 0.0 0.4332606327596533 0.050622429808696426 0.4835164835164834 0.7538483165811487 0.007265760969569525 0.3418987838367987 0.11092621100694444
0.5526513790104797 0.4328557066015506 0.0 0.7198842467990538 0.2124596491349043 0.9382924767540153 0.0917269979616222 0.015210349189406641 0.04119262455865047 0.018556277948721167
0.296505857239336 0.48698617354346646 0.0 0.770046967415268 0.0011841337810342824 0.6234817813765181 0.08199753618952854 0.01404796800115251 0.4911730090231464 0.2447924900000045
0.3059956726422106 0.06560788346443652 0.2195809337091044 0.46292691324364105 0.3258405536121323 0.5529670329670331 0.6234005763688761 0.006387420403092869 0.039819537073362055 0.05284755450002443
0.3139816160883244 0.07017979422798165 0.1821467957358168 0.47010480399348614 0.10112293036354868 0.5494505494505493 0.6244605327897661 0.005997670193197399 0.061985092193016844 0.049712627666679055
0.6091361844789629 0.19669555200417532 0.002511947065310574 0.4894749615104815 0.007572470957105437 0.49921507064364207 0.6230507385353805 0.007203845104142244 0.20988622989407613 0.5858809126190563
0.8094530564003392 0.9953363842149363 0.0 0.0 0.03937437124044363 0.9340659340659341 0.048885921135868426 0.9999999999999998 0.15653197332287172 3.7748897628124993
0.3173085665438291 0.44148796703055604 0.0 0.7548255318862508 0.024445208805207452 0.5384615384615385 0.13249455261123222 0.0066399576752310535 0.21832091016084731 0.1523776425000003
0.2073072573134469 0.5148547251603338 0.0 0.3256029231037135 9.64909380908102e-05 0.2777222777222777 0.5855511607251258 0.004912790977425318 0.06100431541781082 0.34208540549818345
0.5270162395473286 0.11761694366340475 0.30915329003798564 0.4242657590166531 0.056179405788737834 0.3736263736263737 0.5797126188635291 0.006594437520418692 0.21125931737936454 0.0659333138095235
0.6613795304225536 0.19673400532004853 0.034595433566147936 0.3508282722192251 2.3994224132389177e-06 0.3453689167974883 0.5205795820823587 0.00492609392797802 0.1545704197724599 0.07145083746428949
0.6712398311818091 0.06890029615485327 0.03959890536290487 0.40505336554610905 0.12359469288503497 0.531868131868132 0.8624024741688341 0.010553291655457132 0.2981561396626128 0.0969213818888921
0.23871411312459645 0.48086161068980027 0.0 0.6632220239614393 0.03252053319494084 0.4916136495083862 0.39738747304051225 0.0029955568106200883 0.6080816006276971 0.29012544921052275
0.7371893334196011 0.281256849338426 0.0 0.43719456671994084 2.039649499767084e-05 0.4879120879120879 0.7637168763618469 0.0071032910681944825 0.3377795213809337 0.8192053972500002
0.31150476888372847 0.471821497549319 0.0 0.7369266261910296 0.16669389467101783 0.6096009253903991 0.06353005589816263 0.01522395474892902 0.508042369556689 0.05435649552631538
0.5969132965603614 0.19033829293691884 0.0 0.44434028809010273 0.12381242375566323 0.47912087912087914 0.7439797568004498 0.006423427747506833 0.34601804629266375 0.12582482243055715
0.7833321337166742 0.1164466453919531 0.0 0.45304543774473893 0.0008134595348025106 0.5054945054945055 0.8031911154846416 0.006472814597845374 0.32149862691251474 0.9683889497222262
0.9618496732019812 0.8626387069990287 0.0 0.030872573908407676 0.04682725590581549 0.3406593406593406 0.12975328600548264 0.3042849795008624 0.5602196939976462 2.723633186041665
0.7126820324314205 0.16562189406596733 0.0 0.4395799737815672 0.0011817767740722727 0.4879120879120879 0.7637168763618469 0.006943239954983749 0.3377795213809337 0.6898176549166672
0.21049112537904668 0.4640045848966578 0.0 0.7910638410356234 0.22032621703315722 0.6571428571428573 0.1130315597104099 0.013262869783517067 0.58885837583366 0.0833029843333346
0.6141166646135912 0.11227050461388471 0.2571988726871707 0.4209891186441972 0.028089702941185086 0.5054945054945055 0.8031911154846416 0.008668028516835687 0.32149862691251474 0.07500589111111555
0.6258126852978834 0.1224364780626706 0.17671445492790924 0.44066690792554014 0.028089702988001255 0.5054945054945055 0.8031911154846416 0.007284655407698376 0.32149862691251474 0.1367557227777816
0.6283910076899393 0.1679049247522595 0.10170322264428383 0.44243562149976023 0.02808970280073657 0.5054945054945055 0.8031911154846416 0.007166020679549592 0.32149862691251474 0.15036812805555932
0.5896674340175616 0.12002041803742242 0.0 0.41428598908979075 0.00033043996042513685 0.5243328100470956 0.5554328289268899 0.009762963879551216 0.13103177716751657 0.5354306926785712
0.52031035880138 0.1044020663378093 0.0 0.3848315158360383 0.005508864592510689 0.4230769230769231 0.6923982568355944 0.008677431060126257 0.09964692036092582 0.5531272312499933
0.5629363372601743 0.16664231310442035 0.21457746191234733 0.43882581989419917 0.19665950535236731 0.40359640359640375 0.5339655073260192 0.004459904347548244 0.3858375833660258 0.1073455842045492
0.711642733054098 0.2611397160926774 0.0 0.36761967893204855 0.01689155654449337 0.47252747252747257 0.8520770366205104 0.008735814203515345 0.14103570027461754 0.4054887113541677
0.5917470361004991 0.21023590471930836 0.0 0.44268011493720627 0.033856058395498885 0.47252747252747257 0.7291769171294018 0.006377158420437096 0.35229501765398197 0.1339605274826443
0.5620993529545883 0.09943368982702455 0.0 0.38774539582874706 0.0786511678420624 0.31711145996860285 0.5593489240779603 0.006677209329755858 0.007650058846606522 0.048333320133928666
0.8473605182182107 0.0016863640954546955 0.8986643793652739 0.3370995541519906 2.808970280073657e-10 0.42637362637362647 0.7300906726646519 0.007835163002465943 0.03020792467634359 0.5264460579999994
0.3625713017565526 0.08234478844677406 0.14503941510435803 0.46784699284163217 4.892046460370679e-05 0.5424175824175825 0.6265804456315458 0.006239405473831786 0.10572773636720278 0.2156503682000057
0.64397915788113 0.09946784909436734 0.1554956500428869 0.4144278909963823 0.106740870923696 0.5164835164835164 0.8278625149363885 0.009430926308420559 0.3116908591604549 0.11613767083334815
0.2824161532072005 0.5279613530813679 0.0 0.7821832179035489 0.00012849353649168938 0.6790052053209945 0.07709211173713448 0.015026848784297234 0.6127893291486856 0.3048868008771937
0.480395939022191 0.1444897289483642 0.21594575828125645 0.4715225093592442 0.011236635890608885 0.41130298273155425 0.6259225416461656 0.004200381450293909 0.19085916045508033 0.5597589121428532
0.22706331368777444 0.39571996244418184 0.0 0.6873797031707531 0.03946814234624459 0.6153846153846152 0.15625219652772881 0.008008933841971266 0.2710867006669281 0.0
0.674172874728735 0.061114017702776635 0.2740268757913654 0.39951189921783664 0.07303322756281211 0.5347985347985349 0.8689815140226329 0.011080934471819383 0.2956061200470773 0.08133215407407324
0.7363088792867056 0.21669115553327234 0.0 0.34146202205502885 1.487630660327009e-06 0.48665620094191525 0.6509855506130195 0.014225215403585463 0.1910553158101217 0.9908492257589288
0.6947606827399573 0.12675257963995534 0.00304292774578277 0.3743482443402794 0.016845792800690408 0.5054945054945055 0.8734197551938467 0.01054668294258642 0.2075323656335818 0.13527175919642964
0.6790634282663293 0.03952573045270491 0.30982722705550786 0.3969792678669134 0.1403607814349253 0.5421245421245422 0.8854291136571308 0.011482193783167567 0.2893291486857591 0.029466109259258744
0.6154458894372201 0.11342584322256388 0.0 0.42196517107735937 0.02196049912547214 0.5054945054945055 0.8031911154846416 0.008596538136935013 0.32149862691251474 0.082023612037041
0.1598506981311858 0.4295262585147988 0.0 0.6851181463171505 0.03606183966723145 0.7912087912087911 0.027412666057496482 0.01660788280580204 0.33444488034523345 0.0
0.3929996747153617 0.4599205589897956 0.0 0.7002176665500978 0.14244482783355708 0.5401966454598033 0.05256498947516397 0.015622040131980014 0.3707336210278539 0.0667774714035092
0.29494888096445804 0.4229527263891891 0.0 0.8003341282730964 0.0056403196263686605 0.6703296703296704 0.12427075279398325 0.01016721477242246 0.05001961553550416 0.1722940499999961
0.6679343264810484 0.1463079093009118 0.05863252052444555 0.35032992720757905 0.028090026955906892 0.2874049027895183 0.36212834750825884 0.0023062312330631336 0.14201647704982345 0.07588358456731026
0.6949801901822488 0.20974025769705185 0.0 0.44509377143092455 0.0029595881091822904 0.47252747252747257 0.7291769171294018 0.006220842633623182 0.35229501765398197 0.6789860587326437
0.587967511202192 0.2294460517913168 0.0 0.5064910661735438 0.06098199796883396 0.543171114599686 0.6259225416461656 0.006933476616526612 0.031581012161632005 0.12560855571427165
0.7440773339502802 0.1978388996669475 0.0 0.4817274779545139 0.001548623517400416 0.5017268445839875 0.6229463093313519 0.007557044425948109 0.33974107493134553 1.231670526500004
0.6031605183365918 0.14115619498901416 0.2932647142915492 0.4017848012571703 0.028099261614240853 0.3406593406593406 0.4408870457580658 0.0027058453126262254 0.2714790113770106 0.027382808875001885
0.7811398880693078 0.020296300007066892 0.5941878037822163 0.27490414271570884 0.1404426345479896 0.489010989010989 0.9121564630631895 0.017207951774130592 0.004707728520988663 0.07386975406250151
0.4837400486669001 0.46241381692933287 0.0 0.690134688958718 0.024626221097231622 0.5384615384615385 0.0968580867364871 0.009190926313312524 0.2257748136524128 0.2355231775000001
0.4838565315011727 0.2017872122325821 0.18741575787280973 0.3838766425483757 0.09269601910198218 0.531868131868132 0.6363393547480143 0.013138728070573952 0.1573165947430365 0.3495102679999924
0.689733734025372 0.17522674233507068 0.0 0.4368360892988005 0.0030751006917671894 0.4835164835164834 0.7538483165811487 0.007023177813656616 0.3418987838367987 0.5922682801736121
0.6775336415711686 0.05111560178996316 0.3777519094882163 0.39782669799460507 0.09550498980340137 0.5384615384615385 0.8772053138398819 0.011315987199437827 0.2924676343664182 0.06023251555556896
0.6126918709568394 0.1368711687979185 0.0 0.4254521946408505 0.16298411964438572 0.49816849816849834 0.7867435158501439 0.008165421499874155 0.32816790898391524 0.10682947792824038
0.13911476397478384 0.43481045335126056 0.0 0.7857701994729667 0.18565075195097888 0.5691549829480864 0.12682296653037106 0.00587487995824864 0.6157316594743035 0.002029174827585578
0.6132199375337379 0.12699452707766828 0.0 0.4267745552924501 0.2757116997690228 0.5010989010989013 0.7933225557039434 0.008142158234697001 0.32561788936837976 0.09387908897916476
0.233931571559425 0.455022635901943 0.0 0.5917742295459274 0.00037433236822751175 0.4291497975708502 0.38036276464690943 0.0045165300763292705 0.6922322479403688 0.190443468837719
0.14301266239673605 0.4059199585143341 0.0 0.7695565779327019 4.692946646919059e-05 0.6464569912845775 0.09922124760351247 0.01039720649562876 0.17948214986269118 0.0
0.6834852411360386 0.2101792265189717 0.0 0.44711650324513436 0.005064794480933845 0.47252747252747257 0.7291769171294018 0.006091075943050191 0.35229501765398197 0.6182977966493102
0.4065172578571852 0.1512650549674288 0.2492137401462238 0.4667301290301825 0.028089707575986046 0.5808477237048666 0.5985098755886695 0.00823508990847946 0.06571204393879948 0.0
0.1718226228718278 0.46682056967842706 0.0 0.6902400911327576 0.8476841691434421 0.5551591265876978 0.17671082695332374 0.009007175498468606 0.9999999999999999 0.16304232103895974
0.6019973955656024 0.10173665120457737 0.33137278928235914 0.4231335770404924 4.6348009621215345e-09 0.5054945054945055 0.8031911154846416 0.008511368688283241 0.32149862691251474 0.011021494722224471
0.5947562076330861 0.12100894411030344 0.16631948699097332 0.37465121755517 0.022473085125142657 0.30769230769230765 0.48611794475293446 0.009758382671069876 0.09258532757944282 0.22821909249999986
0.2689491575090355 0.5164829959567853 0.0 0.7539991654170269 0.1731728850426952 0.6528765352294763 0.09476182403797262 0.01532431671296397 0.532757944291879 0.25157166892156896
0.6121613350133548 0.14897954498327792 0.34846628272679014 0.44697880775368304 0.028089983135970525 0.3406593406593406 0.4408870457580656 0.00014236892939920032 0.2714790113770106 0.0749031518750014
0.7051829222788544 0.0764604589849689 0.19258260834048113 0.32461498302724806 0.18539203623768516 0.528428093645485 0.8974271211199771 0.017060338593545013 0.23362102785406036 0.15013759673913896
0.33784364007931567 0.36977599050035675 0.0 0.5302576888026367 0.0025761760254214686 0.5054945054945055 0.07986223378083923 0.01288498822387426 0.14515496273048256 0.0
0.36799978119298626 0.07833542238481478 0.20881836376261068 0.4676560905423576 0.03409921718869048 0.5450549450549451 0.6257854783158783 0.006212131630468919 0.08944684189878382 0.2782832358749996
0.5133702813226728 0.14226377381776617 0.0 0.4401238123184734 0.5168505337807291 0.41601255886970173 0.5949853899527058 0.007299589812024859 0.3440564927422517 0.0675667405357201
0.5849677049336288 0.17532582713447203 0.0 0.389111970174711 0.05055000697065638 0.39246467817896385 0.5538663908664614 0.006310739771027963 0.31541781090623766 0.029368281857144574
0.7552470133974046 0.019400907018593316 0.36560062083894945 0.3275619896408581 0.0674152870026648 0.45477599323753176 0.7697336051170309 0.011009040407627867 0.10141231855629662 0.11255855500000143
0.7038801837606121 0.1587244359071881 0.6398521423028224 0.34892420433979365 8.42691084022097e-10 0.2681318681318681 0.2827159626063118 0.0021717630956786457 0.19262455865045103 0.0417185079999971
0.4049098957191912 0.07233122466020903 0.30316954621574144 0.3800394871795153 0.011088969727470551 0.39391377852916304 0.6651437407745839 0.00813840941833973 0.0502157708905453 0.17246189365384978
0.5977202997537128 0.19103972577960499 0.0 0.4400166499346129 0.12378751717798388 0.47912087912087914 0.7439797568004498 0.006706929085240631 0.34601804629266375 0.1300854434305574
0.6773903649272073 0.17406680628257726 0.3411550872033656 0.39459052435842734 0.012384889570667672 0.5054945054945055 0.5880016869332958 0.021192209497382354 0.042761867398979914 0.959863078750014
0.6258126852978834 0.1224364780626706 0.17671445492790924 0.44066690792554014 0.028089702988001255 0.5054945054945055 0.8031911154846416 0.007284655407698376 0.32149862691251474 0.1367557227777816
0.7611684816695315 0.17768477657394594 0.009598496916227573 0.36502858966087603 0.010158326694112041 0.3436563436563436 0.49160047796443385 0.004364453292849298 0.1983130639466456 0.6940389265681812
0.41637020580629325 0.1841963183600976 0.03549401625617774 0.5315665066112456 0.07303322756281211 0.6153846153846152 0.5318057215154284 0.006917581778000163 0.13652412710867 0.03330176916666083
0.6775110627178744 0.1175667172904814 0.2725973124208635 0.41870901363143237 0.0007691439088112713 0.5054945054945055 0.8031911154846416 0.008836259706922478 0.32149862691251474 0.4097003583333372
0.60807238872183 0.1457755316472239 0.0 0.4184222428991371 0.10672058763020062 0.4945054945054947 0.7785197160328954 0.008585934245123078 0.3316987053746566 0.10211358328124832
0.565963296663774 0.10616639516385085 0.0 0.3646833229518283 0.022437229883554143 0.4161644806806097 0.7109902343794288 0.009253162213310732 0.034327187132208614 0.767911361129042
0.09439506611686643 0.40339230058387504 0.0 0.5629442841439581 1.2078572204316726e-08 0.5494505494505493 0.4294651015674422 0.003901685130536712 0.18634758728913303 0.2138217466666692
0.7402465497317543 0.11349254024646294 0.0 0.423140324628916 0.0003892039698055627 0.5054945054945055 0.8031911154846416 0.008510878122019977 0.32149862691251474 0.7409160655555604
0.42670268622840823 0.16880987079951998 0.0 0.4670896462609928 0.07303322756281211 0.5808477237048666 0.5985098755886695 0.008211489663710457 0.06571204393879948 0.10657016071428592
0.9816352705392131 0.0854856925868388 0.0 0.40964523419579096 0.0007180008932896275 0.5230769230769232 0.8426653546074365 0.009965820221212035 0.3058061985092192 1.8288956409999888
0.5614543933134493 0.24429045586986722 0.006698525507494984 0.4737787459972818 0.9101063741146291 0.4803767660910518 0.6208968862022912 0.00758450023028287 0.5096116123970184 0.4895168777380796
0.7359962591923512 0.11261867330942371 0.27425152146387294 0.4195289472208787 0.000674649368320071 0.5054945054945055 0.8031911154846416 0.008775564365316076 0.32149862691251474 0.718476405740744
0.668876113050032 0.24822594722040797 0.0 0.29033693310757674 0.011222721937223568 0.5054945054945055 0.6108455753145428 0.020232354171658508 0.06100431541781082 0.6608192877343733
0.5197575461079043 0.19726144813340757 0.0 0.5397736141622776 0.1182414196844108 0.5714285714285714 0.5420397835102269 0.006518937445231767 0.3385641428010985 0.4274484489999999
0.7285099771045012 0.5510091754229668 0.0 0.557715039825012 0.29115212232314114 0.7290969899665551 0.06718089609163214 0.0278252888437958 0.33032561788936843 0.7823912380978264
0.3810094049478283 0.4417616077503616 0.0 0.7412140551834134 0.0005902472395697095 0.6043956043956042 0.1763548183032262 0.007601690169554094 0.20380541388779905 0.1652414774999995
0.6178354376811277 0.4116664505576379 0.0 0.4616862198639762 0.000989402197265204 0.21978021978021972 0.06213537639699174 0.012372126514989479 0.10827775598273837 0.0
0.6068507259292202 0.10595507975788782 0.36825552424131025 0.3524263751416104 0.0 0.5054945054945055 0.8031911154846416 0.014615724528831205 0.32149862691251474 0.036644938888891865
0.8135212782653303 0.056307332006257316 0.006821059510680876 0.4091609888344309 0.005585242741602117 0.5384615384615385 0.8772053138398819 0.010392148577532019 0.2924676343664182 0.7781872713889015
0.6086849291992122 0.15922747571353724 0.0 0.43082077535870333 0.05363020355585717 0.4908424908424908 0.7702959162156462 0.00760962627298533 0.33503334641035687 0.12502046141203849
0.6694171425834963 0.11465376412226713 0.10174406731201237 0.4181245008069291 0.0010644548400976354 0.5054945054945055 0.8031911154846416 0.008879665308804657 0.32149862691251474 0.3669680291666708
0.5927459808157862 0.19237708312093776 0.2999019727974513 0.35532419354634587 4.143680598353455e-05 0.39391377852916304 0.5196457440078723 0.009993453692004238 0.3703413103177716 0.21975370884615675
0.6125167313929671 0.126383312789573 0.0 0.4265924404023023 0.2756712511587838 0.5010989010989013 0.7933225557039434 0.008155148191831878 0.32561788936837976 0.09016647064583072
0.6628090726571056 0.061572430581704696 0.25683127067761297 0.4043108242324409 0.022471762240589256 0.531868131868132 0.8624024741688341 0.010613179153576874 0.2981561396626128 0.05241069455555891
0.15061344050137437 0.46500151874540646 0.0 0.7143402231985272 0.19175080506900014 0.6013986013986012 0.13947232215314043 0.010403813320878245 0.7167516673205178 0.0
0.24554549875527432 0.36648788106583297 0.0 0.6398787048658918 0.00020892896225565457 0.5808477237048666 0.13562742873208866 0.010140798442601531 0.4423303256178893 0.0
0.4939312881179738 0.16109690481827582 0.24956091982191733 0.4910681758095434 0.33726189811875695 0.489010989010989 0.6240379208547127 0.008379780688389973 0.2983522950176539 0.0553699010937514
0.6140904133681557 0.11224768749759295 0.30298574521096266 0.4216065819963033 0.028089702988001255 0.5054945054945055 0.8031911154846416 0.008622766447971428 0.32149862691251474 0.07486729611111542
0.6075460783837776 0.1682932136953757 0.052240330024915294 0.4168897271448483 0.106625282077568 0.3648351648351648 0.4936107401419836 0.003008865961476384 0.29305610043154184 0.09628653453333502
0.195755459243508 0.48788032626255196 0.0 0.801909856618996 0.10730615568707778 0.7692307692307692 0.06333028748154912 0.01236583755010389 0.4639074146724206 0.061427906206898086
0.43051628212019555 0.40148270711717193 0.0 0.6226252888886176 0.0004378577929054335 0.3406593406593406 0.09548745343361209 0.006964573838021883 0.42958022754021197 0.0
0.1687916462679464 0.479576697828677 0.0 0.7325129688808927 0.14858039785269658 0.7345286292654714 0.07103246976653 0.013422854421593473 0.5835621812475479 0.03828769473683913
0.8518767539832379 0.4387654091618781 0.0 0.35204595858266496 0.005141301561761127 0.0 0.0009137555352499716 0.0012736964614090372 0.037269517457826584 0.0
0.5859078992560183 0.16964260643218593 0.14608095413143815 0.4991850525630976 0.6966246474356768 0.5557299843014127 0.6075168944361324 0.007505535464399228 0.06551588858375834 0.016062766249990368
0.5229087341548608 0.16639289534562068 0.26920720499938733 0.4379817037040811 0.1404445758273502 0.4395604395604396 0.5871531996505637 0.006739992272891522 0.4382110631620243 0.06306247000000287
0.5093527870100043 0.18206929960950263 0.0 0.5013964153214167 0.28651496884841005 0.5102040816326532 0.6194609846468988 0.008154425921209962 0.33895645351118076 0.07106382441963888
0.6130572479364085 0.12685312016915745 0.014438590042070005 0.42470530314571747 0.2756885122811548 0.5010989010989013 0.7933225557039434 0.008290374319735186 0.32561788936837976 0.09302015964583177
0.6879582702465212 0.17979766812971715 0.0 0.43419580563305477 0.005462952254179914 0.4835164835164834 0.7538483165811487 0.007201947502206471 0.3418987838367987 0.5828946143402787
0.4982529365047821 0.1020842798746962 0.27380223011885796 0.39413451223330187 0.05624086296859853 0.5243328100470956 0.5554328289268899 0.011389685399494372 0.13103177716751657 0.05280245648809512
0.14018341291610326 0.4576762986566586 0.0 0.7038736166543983 0.015711407849595425 0.6109890109890108 0.35069937442890287 0.0016809513448719539 0.241271086700667 0.20395329649999994
0.45341339521187507 0.15202981845329638 0.15239145529551115 0.4704212484495699 0.1685382173662135 0.46153846153846173 0.608561186476418 0.007235587964972867 0.4401726167124361 0.07980050555556062
0.295052773096228 0.06412350950169854 0.4137360617571377 0.4462059231318151 2.6685217660699744e-09 0.5620094191522764 0.5977266565584554 0.008609077028372138 0.09572381326010204 0.005839537499999993
0.525532562121062 0.1163273575957049 0.1772658579422457 0.4147913871742312 0.05617940581214591 0.3736263736263737 0.5797126188635291 0.007255011686489593 0.21125931737936454 0.058100151250000565
0.6248808939890909 0.12162658160637285 0.0 0.3942379845497856 0.027002262952712002 0.5054945054945055 0.8031911154846416 0.010757063689720514 0.32149862691251474 0.13183627555555866
0.2636922648466282 0.40707756894339553 0.0 0.6724753631957948 0.00012027786021652994 0.6373626373626373 0.058480354255992184 0.008694159286459252 0.2710867006669281 0.0
0.6869532168982042 0.18851193758377888 0.04686925621860067 0.34600953058602024 0.0 0.3136863136863138 0.4704179632836414 0.0029344524020898932 0.07453903491565328 0.07032088038960804
0.7743956492119368 0.2499738395610802 0.0 0.3654341048870071 0.00020790368810342768 0.4835164835164834 0.6789203626906588 0.016094875055262074 0.23852491173009016 0.7393333700000015
0.6745787306466138 0.22334080174220056 0.0 0.4463750232692278 0.0024174579687161867 0.47252747252747257 0.7291769171294018 0.0061385156125042875 0.35229501765398197 0.5712753487326427
0.5971140126921111 0.19051275183376842 0.0 0.4427354468604998 0.12366045621633502 0.47912087912087914 0.7439797568004498 0.006528045337057191 0.34601804629266375 0.12688451509722487
0.4121485555882174 0.09584694840674479 0.30202589551933995 0.34925909461498655 0.11797675204399062 0.4175824175824175 0.6906686481438713 0.011523796041419294 0.05982738328756376 0.04236446726189058
0.7010308431585788 0.07816060437651223 0.0 0.40688485754879666 0.008256745106036276 0.5274725274725276 0.8525339143881352 0.01029491230920828 0.30207924676343645 0.3008163948611111
0.24685802804273882 0.4560601044017076 0.0 0.7391487495496365 0.0450176245553728 0.6109890109890108 0.2574963098334153 0.0062420036516721185 0.48371910553158093 0.025296906500001267
0.6830807980623752 0.03268192911792506 0.28836335416411385 0.39506788390536673 0.23057007659140055 0.5450549450549451 0.8920081535109301 0.011720431644609015 0.2867791290702236 0.0196016458888888
0.30758856063639683 0.07501939338673075 0.31093003308418077 0.47746978603299023 2.808970280073657e-10 0.5620094191522764 0.5977266565584554 0.006575920332045428 0.09572381326010204 0.07202296785714246
0.6185263007771644 0.11610328204885373 0.06198178327819305 0.41835207691495535 0.028089702988001255 0.5054945054945055 0.8031911154846416 0.008862752018434686 0.32149862691251474 0.0982868255555589
0.6086849291992122 0.15922747571353724 0.0 0.43082077535870333 0.05363020355585717 0.4908424908424908 0.7702959162156462 0.00760962627298533 0.33503334641035687 0.12502046141203849
0.5828463360710898 0.21085230813574501 0.0 0.4859991182862909 0.04492428640552434 0.5243328100470956 0.6133910371627387 0.007783401414329941 0.2746174970576697 0.25320242250000025
0.6285252261910346 0.10929072871520523 0.0808520197688192 0.42026864492756144 0.27558612306726993 0.5098901098901099 0.8130596752653407 0.008829192235105088 0.31757551981169085 0.10446513600000083
0.7060403593093065 0.16653421104040245 0.0 0.43944122938910657 0.0003928047185833322 0.4879120879120879 0.7637168763618469 0.006952504083552396 0.3377795213809337 0.6547525495833337
0.5331507530467925 0.31600343995445024 0.0 0.5322401459861084 0.061856935095347884 0.541871921182266 0.25415007404570744 0.02195470573140404 0.003138485680659109 0.1232869052586203
0.4980014721953401 0.18273211676448253 0.06900706612751711 0.4817012704449209 0.7584935363849484 0.49607535321821045 0.6200483989195593 0.008205078813910534 0.45370733621027826 0.06998734712500543
0.19038087865873865 0.49129643113433913 0.0 0.7674715635917918 0.0001063568844055129 0.489010989010989 0.17978140156041333 0.003146314266536037 0.9521380933699489 0.19766693625000187
0.8707732839186232 0.012987043765002815 0.6289874606870073 0.23262226758621443 1.1610410490971113e-08 0.42637362637362647 0.7300906726646519 0.020779115066164013 0.03020792467634359 0.6500551366666656
0.38169143368524594 0.08129776671264499 0.5838541028468733 0.45666528091059133 0.0 0.41130298273155425 0.6259225416461656 0.005072274577381779 0.19085916045508033 0.03864264928571082
0.7313587116193276 0.1664602664290047 0.0 0.43552533009989775 0.0010146573681563183 0.4879120879120879 0.7637168763618469 0.007216276674144456 0.3377795213809337 0.7884222852500011
0.7372852190791286 0.26469983337452363 0.03565739492709228 0.3249457529687418 0.0056180124697864835 0.3472527472527472 0.5524565966120758 0.006465084578354419 0.10455080423695562 0.3668783287000013
0.5581693264334655 0.4267179910648995 0.0 0.40182216419076233 0.0029388822061082696 0.24175824175824173 0.24214521684121748 0.011385410327490748 0.2791290702236172 0.2667693301388878
0.6608042515873671 0.1962339831738834 0.043111546787566894 0.35097337178092824 0.03941929678751502 0.3453689167974883 0.5205795820823587 0.004914903207236403 0.1545704197724599 0.06841361889286103
0.7559868708545472 0.1759094214162451 0.0 0.43615590754705036 7.877532432844164e-05 0.4835164835164834 0.7538483165811487 0.007069036055849701 0.3418987838367987 0.9420556272569448
0.24570128102067845 0.493700627480225 0.0 0.7812743465287841 5.578727335037486e-05 0.6373626373626373 0.1447649840845877 0.01231616847301973 0.5727736367202824 0.4146868128571439
0.6795122463686301 0.14957363153312386 0.2979210064126128 0.29081599643347267 1.0824366974263838e-05 0.2777222777222777 0.3478085841901124 0.006397502466618923 0.11416241663397408 0.08365055642045771
0.6345243810901324 0.10416945979402531 0.29477596699750847 0.4193475092514531 0.1630062284876662 0.5128205128205128 0.8196387151191395 0.008969669751949502 0.3150255001961554 0.10506362407405234
0.7201638038404097 0.17837986554754354 0.0 0.3730773133488886 0.006561975921110132 0.3436563436563436 0.49160047796443385 0.0037895530339031834 0.1983130639466456 0.4775523092954552
0.7156155464090488 0.3416495643475631 0.0 0.350823648931428 0.007147387799239724 0.4908424908424908 0.18914739579672468 0.024647501537399738 0.07728520988622989 0.16275083944444454
0.6206527368919057 0.15636012068252036 0.019339950169505373 0.4238808602516531 0.028088217417252467 0.3406593406593406 0.4408870457580656 0.0013879936592589397 0.2714790113770106 0.11973400937500145
0.8675228467976712 0.006812161236389169 0.637421884572969 0.30753710442208004 1.0112293008265164e-08 0.42637362637362647 0.7300906726646519 0.01067199687785355 0.03020792467634359 0.6328942619999989
0.15908167992505828 0.47002653562375507 0.0 0.6681726409890907 0.04402213560040771 0.5263157894736843 0.3855567434788558 0.0022389848564878558 0.4876422126324048 0.3050617188157929
0.6220890322538637 0.2343979891059658 0.0 0.3907775632145016 0.024639788985478434 0.4142011834319527 0.6373093413931257 0.009444547294865942 0.28207140054923496 0.4687815610576971
0.6016977062374251 0.10147616656323022 0.2550341052975534 0.42711172949737924 0.0 0.5054945054945055 0.8031911154846416 0.008224689186037616 0.32149862691251474 0.009439267222225212
0.6908228411767212 0.30747744589227116 0.0 0.5034853433204227 0.0020286151341746815 0.5243328100470956 0.6267057606763802 0.006477712537934624 0.050411926245586436 0.6480925201428551
0.5796109481687532 0.2221826756214077 0.0 0.5072531814735347 0.050554627445870075 0.543171114599686 0.6259225416461656 0.006889089620197377 0.031581012161632005 0.08148958785712868
0.6662545615478521 0.06456718833110375 0.26843115631254344 0.4030208704146905 0.12359469288503497 0.531868131868132 0.8624024741688341 0.010717710925494152 0.2981561396626128 0.07060135655555833
0.5998590290324155 0.17009364612837663 0.0 0.3845161697995231 0.05056146532222286 0.3736263736263737 0.5127829926452268 0.005627379878873774 0.300313848568066 0.07233863186363809
0.6191944932614015 0.11668406308855883 0.0 0.40930285793783805 0.027602511437331577 0.5054945054945055 0.8031911154846416 0.009548951809166407 0.32149862691251474 0.10181458722222557
0.2073072573134469 0.5148547251603338 0.0 0.3256029231037135 9.64909380908102e-05 0.2777222777222777 0.5855511607251258 0.004912790977425318 0.06100431541781082 0.34208540549818345
0.17440859419227261 0.3985291220017413 0.0 0.7074022583285808 0.004780063489391207 0.6703296703296704 0.09822872003936178 0.007313608458497073 0.2644174185955276 0.0
0.6908228411767212 0.30747744589227116 0.0 0.5034853433204227 0.0020286151341746815 0.5243328100470956 0.6267057606763802 0.006477712537934624 0.050411926245586436 0.6480925201428551
0.21692643063477268 0.43833486989373555 0.0 0.762497006669669 0.022427150174601125 0.7032967032967032 0.12701201939973306 0.006171582934385224 0.2244017261671244 0.13818414333333529
0.374372138828196 0.07493596561900123 0.5466241882122289 0.41150292996478866 6.635349595589993e-06 0.41130298273155425 0.6259225416461656 0.008087250087471236 0.19085916045508033 0.0
0.7530501257463762 0.0982474048777019 0.09414695911448762 0.4140635031957281 0.003887063466755963 0.5164835164835164 0.8278625149363885 0.009458729772545034 0.3116908591604549 0.6919842845833477
0.33568541949187214 0.4789117956338326 0.0 0.8703225037236914 0.01874833028135248 0.47912087912087914 0.27284740282561337 0.008589647238873135 0.19929384072185174 0.14423054266666568
0.5976200335094799 0.1754491344258658 0.0 0.4380253025938123 0.05056110830210026 0.4835164835164834 0.7538483165811485 0.006943324252919769 0.3418987838367987 0.1059485604513899
0.2536761317893459 0.4435401144918774 0.0 0.7494362071420209 0.11518783022749693 0.5866441251056635 0.09285162015885318 0.012264098744452862 0.5592389172224402 0.032337580000006305
0.37542474263330283 0.07585087015137615 0.5736020912469877 0.4109782659952364 6.287318177888866e-06 0.41130298273155425 0.6259225416461656 0.008125948448609241 0.19085916045508033 0.005557283928567358
0.6159597185806731 0.11387245438806665 0.0 0.4057969374118418 0.021575953185252374 0.5054945054945055 0.8031911154846416 0.009822557304665039 0.32149862691251474 0.08473640333333687
0.5959676297240502 0.19985196392857768 0.0 0.44385418863466897 0.0731179677355303 0.4761904761904762 0.7374007169466505 0.006386542694523545 0.34876422126324036 0.13657046615740764
0.332009883407979 0.47721040504095313 0.0 0.7927864809764589 0.1740908707155232 0.7484094852515908 0.07507223108026617 0.015190937827361993 0.41408395449195756 0.12044543736841985
0.8509511857401453 0.01773486399645685 0.6022954703263489 0.3133102060739572 8.685336105987749e-06 0.45477599323753176 0.7697336051170309 0.012487099539703929 0.10141231855629662 0.6178343826923083
0.4960706841810856 0.16177576626418944 0.23420332475595307 0.47426361999914857 0.3372496914575079 0.489010989010989 0.6250658958318689 0.00797267282731115 0.3538642604943113 0.07248695394531167
0.25175940268872243 0.45748302391325574 0.0 0.7397434380670999 0.00010033627795571702 0.5164835164835164 0.15853658536585358 0.006155400824840611 0.8291486857591209 0.18293243368055645
0.6078153396340988 0.14555210914555083 0.0 0.4267751613754015 0.1067396695271072 0.4945054945054947 0.7785197160328954 0.007982165788349767 0.3316987053746566 0.1007564774479155
0.5505870549328511 0.471404906904321 0.0 0.7460752560938698 0.00032475544726935174 0.9120879120879122 0.11833134181485905 0.01266831578892251 0.047665751275009716 0.14351420444444418
0.5644597203127439 0.16002704266672274 0.3271249438385818 0.4518560029119058 0.005627430385341515 0.3956043956043958 0.47972165600618566 0.004013117163767805 0.4305610043154179 0.02734540291666665
0.6606378685299119 0.1606634883620507 0.05793816117305888 0.4551788207503971 0.039279716947570445 0.3818681318681319 0.4700130034441554 0.0027963575001836126 0.39525304040800313 0.4840521787499998
0.6775110627178744 0.1175667172904814 0.2725973124208635 0.41870901363143237 0.0007691439088112713 0.5054945054945055 0.8031911154846416 0.008836259706922478 0.32149862691251474 0.4097003583333372
0.6347544405199879 0.12044609077052953 0.3172609565821182 0.44284319218050167 8.011014700553266e-05 0.3736263736263737 0.5797126188635291 0.005376882782286693 0.21125931737936454 0.6347435060714286
0.6520399316235077 0.14523273475355986 0.0 0.41550827004524543 0.005013301420899133 0.5054945054945055 0.8031911154846416 0.009075357612708494 0.32149862691251474 0.2752240180555585
0.5728168042117434 0.15681855670580003 0.0 0.46959581472878736 0.01665645303537393 0.5054945054945055 0.6147616704656136 0.007896559237088242 0.42820714005492333 0.7462389958928535
0.6774336051230632 0.05102865188599148 0.3743005350651472 0.39822978144505766 0.09550498980340137 0.5384615384615385 0.8772053138398819 0.011282283485867059 0.2924676343664182 0.05970436722223571
0.14663363695025722 0.4658935938617848 0.0 0.5783362876360346 0.0008721689799352461 0.543171114599686 0.3870407374308411 0.005788444295447948 0.3721067085131423 0.3133632503571473
0.21692643063477268 0.43833486989373555 0.0 0.762497006669669 0.022427150174601125 0.7032967032967032 0.12701201939973306 0.006171582934385224 0.2244017261671244 0.13818414333333529
0.3389400764886108 0.403557742502202 0.0 0.5833092647916083 0.005028650055854998 0.45604395604395603 0.12152948618823367 0.008703118775608844 0.10906237740290314 0.06944130358630929
0.061739489223655575 0.36927728089926654 0.0 0.7327104084588257 6.067375804959101e-08 0.5846153846153845 0.326576228298306 0.00531582668535233 0.06453511180855231 0.2190989505000029
0.6137377901894261 0.12744463540854534 0.0 0.42269462241958033 0.2757256704636078 0.5010989010989013 0.7933225557039434 0.008435708281988509 0.32561788936837976 0.09661312264583176
0.5157946455254259 0.10786333344339766 0.0 0.4139249424741155 0.0 0.3736263736263737 0.5797126188635291 0.007316846172094396 0.21125931737936454 0.006688245714285834
0.7196258526311654 0.15204348708544901 0.0 0.40809498004122857 0.029706886541144912 0.3296703296703298 0.43312012370844166 0.0014088298765007855 0.23283640643389558 0.5571212826666683
0.31505816676899534 0.4840820089793093 0.0 0.5024084422747832 3.4657918006632805e-05 0.5765004226542687 0.43740774583538355 0.011689238882299939 0.19282071400549217 0.3208971260576909
0.6327878028715692 0.10266005684936674 0.2910999469019319 0.4177121633098234 0.1629839488589927 0.5128205128205128 0.8196387151191395 0.009091715901246133 0.3150255001961554 0.09589525685183008
0.6171618497020868 0.1171952190475587 0.1684025650451334 0.4175076277840818 0.0037466924803320097 0.5054945054945055 0.8031911154846416 0.00892559839959682 0.32149862691251474 0.0910831255555582
0.021543360962768876 0.44559939131888326 0.0 0.8216547248486827 0.1337000932420269 0.6122448979591837 0.14633142214501604 0.010954536993357362 0.5572773636720282 0.1418067247619028
0.7055272897551055 0.28474364675673025 0.0 0.4482999566597574 0.1236623806418739 0.47912087912087914 0.7439797568004498 0.00616833825653966 0.34601804629266375 0.6992588114305578
0.785161236208185 0.05666562352527277 0.23693991749377116 0.40596506680621164 0.01747467855005064 0.5384615384615385 0.8772053138398819 0.010647720670172021 0.2924676343664182 0.6284587551389018
0.25253537323609976 0.5242765343620207 0.0 0.7361788383876288 0.4419497120466421 0.6790052053209945 0.0801219327224365 0.01452238325067396 0.7240094154570419 0.30297766017543903
0.12633973969868895 0.4209545218172063 0.0 0.7260152902840935 0.009309208966986162 0.6637362637362636 0.21692556406832075 0.0053828586913151275 0.5482542173401334 0.41798162200000105
0.2999533391981788 0.06838299451982621 0.287914062819099 0.4460483755518556 0.044943524621627026 0.5620094191522764 0.5977266565584554 0.008620006490285118 0.09572381326010204 0.031712365535714326
0.30758856063639683 0.07501939338673075 0.31093003308418077 0.47746978603299023 2.808970280073657e-10 0.5620094191522764 0.5977266565584554 0.006575920332045428 0.09572381326010204 0.07202296785714246
0.24246612595705175 0.43035339221949936 0.0 0.7286479330144002 0.0334732926557995 0.6153846153846152 0.05025655443874333 0.012343556889453974 0.39839152608866224 0.0
0.2341673163941531 0.46917710357171566 0.0 0.752112437677291 0.003326088225577873 0.6373626373626373 0.07675546496098973 0.011358348496853285 0.3942722636327972 0.34229090801587425
0.6578058018985509 0.16409399256652335 0.169811706081771 0.30078509802249265 0.0 0.47252747252747257 0.43403387924369174 0.016943562504674936 0.10415849352687323 0.027022972500000183
0.7624075173891879 0.19037949111951624 0.2548707266266389 0.4123300245967062 0.12921263344518227 0.5230769230769232 0.8426653546074365 0.00975686766597874 0.3058061985092192 0.6714697763333229
0.6718636652667238 0.14042348818610484 0.43769145937997794 0.29062729466984716 0.05617940574192166 0.2777222777222777 0.3478085841901124 0.0064157211253740715 0.11416241663397408 0.04326942096591235
0.7113825798561133 0.17696038323371754 0.0 0.4383924996519793 0.0025018491268770657 0.4835164835164834 0.7538483165811487 0.0069187504821701246 0.3418987838367987 0.7065646397569445
0.7046647550773804 0.26849050521905227 0.0 0.4320142547671595 0.05064603723762126 0.4835164835164834 0.7538483165811487 0.007351216368740837 0.3418987838367987 0.6710974872569446
0.6186075442345931 0.11617389741910689 0.0 0.42124954434379885 0.027687003702817143 0.5054945054945055 0.8031911154846416 0.008648923185138296 0.32149862691251474 0.09871575518518848
0.11551524855634532 0.4837128052121941 0.0 0.8999975032826987 0.0173839010575095 0.5414585414585413 0.3836942561199257 0.0031707062777587627 0.25892506865437415 0.334822229204546
0.8981941152920768 0.21324919451179186 0.0 0.3473768956562214 0.004581633194005842 0.46153846153846173 0.4967784259975163 0.010126986062998146 0.037465672812867834 1.1215422681944425
0.6837897154545389 0.04363373533433179 0.16346036024996935 0.3958977703331781 0.14043625397199844 0.5421245421245422 0.8854291136571308 0.011573551553443535 0.2893291486857591 0.05441882148148025
0.396983698554628 0.47966574471751644 0.0 0.7548710710466002 0.02292024468268204 0.6373626373626373 0.1752583116609263 0.006214223451950111 0.4574342879560612 0.02283295744444392
0.19134253944396318 0.5004025281673053 0.0 0.7113556478798598 5.849792967064594e-05 0.6013986013986012 0.13947232215314043 0.010543513511478315 0.7167516673205178 0.21503168227273586
0.7078105780162702 0.12513791891393006 0.0 0.4593952332460051 0.0002800565840995677 0.3736263736263737 0.5797126188635291 0.0043707847371523174 0.21125931737936454 1.0204476967857143
0.7862569504782069 0.046354193569748736 0.6107911612139035 0.3512480331687584 0.04058153029131219 0.45477599323753176 0.7697336051170309 0.008800406859314658 0.10141231855629662 0.27627734846153906
0.6153374290953466 0.1133315714197437 0.028509578074582306 0.421097130079865 0.02808970292557969 0.5054945054945055 0.8031911154846416 0.008660101880739027 0.32149862691251474 0.08145098925926231
0.7440425727273472 0.1136534954148567 0.0 0.41915600522011487 0.0026649304975669 0.5054945054945055 0.8031911154846416 0.008803143487908303 0.32149862691251474 0.7609573930555582
0.6608439506775983 0.07536782317419499 0.27386349712045094 0.4054950313837725 0.05056146532222286 0.5274725274725276 0.8525339143881352 0.010405861506130501 0.30207924676343645 0.08864732361111027
0.5320745111114675 0.2001160490488043 0.04529673651104848 0.4916789657332779 0.14027577862348595 0.5149136577708007 0.623181275040416 0.00730916705879657 0.2791290702236172 0.08966682464285647
0.06470061144437178 0.4796450724419553 0.0 0.7711644796731245 0.04608042486515929 0.7221350078492934 0.17400516121258347 0.001967515805836602 0.025696351510396287 0.046290612959184685
0.6838795579852093 0.28129125403403143 0.0 0.4002199706698944 0.010029394396462603 0.4131868131868132 0.5990581289098196 0.006602227326792408 0.3307179285994507 0.5907934513500033
0.6106494106054405 0.12476027072605655 0.0 0.4222016167574079 0.21887385130931442 0.5010989010989013 0.7933225557039434 0.008471542827413303 0.32561788936837976 0.08030784031249816
0.6096367119713886 0.13421567886965335 0.048380508924559876 0.42288997900049713 0.1629382941032366 0.49816849816849834 0.7867435158501439 0.00834982491161542 0.32816790898391524 0.09069958570601776
0.5963136160058979 0.20015268905978678 0.0 0.4426930311910837 0.07337254836367472 0.4761904761904762 0.7374007169466505 0.006462152337653567 0.34876422126324036 0.13839712115740888
0.6336709156620512 0.10342764280211575 0.2257689008699914 0.4130360613669536 0.16297867192742457 0.5128205128205128 0.8196387151191395 0.009445725317625213 0.3150255001961554 0.10055770296294053
0.7495001303214466 0.09850677359120225 0.19627905076992197 0.41400866918175594 4.120478503840048e-06 0.5164835164835164 0.8278625149363885 0.009462917707008231 0.3116908591604549 0.6732418741666804
0.6521956986414266 0.08335435781877826 0.1605195441735082 0.41331717296334103 0.12921263344518227 0.5230769230769232 0.8426653546074365 0.009680683612221179 0.3058061985092192 0.08959997299998879
0.154777712980269 0.5190812364002912 0.0 0.7574135964945004 0.10563966890031357 0.5467032967032968 0.20787938426934716 0.003399681637930311 0.8050215770890544 0.3133508775694551
0.2959812505274153 0.4685940334812779 0.0 0.7942391445418228 0.3870798304123294 0.7310584152689414 0.07709211173713448 0.015285284259492923 0.45174578265986665 0.04035318504934349
0.036851113209654285 0.4401675805174068 0.0 0.7131146319396489 6.173484657288882e-05 0.8445839874411303 0.12544558133930428 0.006941680714151029 0.10455080423695562 0.0475882557142846
0.3629825853637989 0.5032568610456523 0.0 0.7980818889955227 0.0024261480800716506 0.7484094852515908 0.07680355735758182 0.01531534775588831 0.4015300117693211 0.2749471904605283
0.3046013803368668 0.49402265843734716 0.0 0.7835284989387181 0.019899453324552365 0.6234817813765181 0.08199753618952854 0.013412497098832403 0.4911730090231464 0.2875332821052661
0.7801994976272069 0.022938211228117955 0.6138545112935505 0.30760406981146166 0.02247176238103777 0.42637362637362647 0.7300906726646519 0.010665000538533559 0.03020792467634359 0.17186548499999965
0.5923464411163786 0.20962402586833012 0.0 0.4439078084684129 0.09594899896032312 0.47252747252747257 0.7291769171294018 0.006297448025402063 0.35229501765398197 0.13712512164930854
0.10931034704885301 0.3622829625650152 0.0 0.7792297029472887 0.005295749983640697 0.5180533751962322 0.14894215224572993 0.010222303904808577 0.20988622989407613 0.0
0.6258975627358572 0.10700681030921622 0.21086059714904223 0.41714250602560815 0.27572528619647346 0.5098901098901099 0.8130596752653407 0.009061803481669059 0.31757551981169085 0.0905922316666663
0.6040532942236618 0.14689867474820834 0.013968876363190792 0.43054575453889604 0.005612733010145085 0.4945054945054947 0.7785197160328954 0.007716875825812451 0.3316987053746566 0.0808945366145819
0.7165271249705889 0.2627927884971475 0.05493607809500471 0.44962543151679574 0.12921263330473376 0.4807692307692308 0.4648731285583749 0.006165845426358795 0.26598666143585714 0.5624756798437502
0.4027949871066161 0.08803154049375661 0.6153249193317812 0.36751383835043105 0.06741685450171342 0.4142011834319527 0.6896042735643497 0.009711867623481384 0.03511180855237339 0.030079511089741832
0.617551039655275 0.1656265733349933 0.0 0.4346452001860282 0.0019091731111546906 0.4879120879120879 0.7637168763618469 0.007276180616464616 0.3377795213809337 0.1875679625833344
0.6679343264810484 0.1463079093009118 0.05863252052444555 0.35032992720757905 0.028090026955906892 0.2874049027895183 0.36212834750825884 0.0023062312330631336 0.14201647704982345 0.07588358456731026
0.615450701427203 0.1134300257187924 0.07166196952987783 0.4180689581887115 0.02808970295679047 0.5054945054945055 0.8031911154846416 0.008883795834865343 0.32149862691251474 0.0820490172222268
0.6247192145560927 0.12148605271475776 0.2126577625291018 0.40930031979685333 0.02810284204011864 0.5054945054945055 0.8031911154846416 0.009549148289424235 0.32149862691251474 0.13098267944444866
0.5222797656467699 0.1990478811812701 0.22370624514969564 0.5048781246494731 0.07303322756281211 0.5054945054945055 0.6243561035857377 0.006428581335332306 0.04943114947038052 0.07227514773810384
0.6170141401858038 0.11478893891993708 0.0 0.4282208086667146 0.027868824947071193 0.5054945054945055 0.8031911154846416 0.008145662695417562 0.32149862691251474 0.09030328444444803
0.5477412453706667 0.17175008816216447 0.16290895723563295 0.49183569262551036 0.07303449749827573 0.4230769230769231 0.49913896113024525 0.003740946166860399 0.49372302863868167 0.04122209843749936
0.060891402801205974 0.4469241768844384 0.0 0.8063478188800285 0.03305787123210913 0.8351648351648351 0.04934279890349336 0.01530838521681973 0.1910553158101217 0.0021680533333352514
0.48591587626458854 0.20357715812545302 0.2320181350324715 0.4087309042826152 0.09550499050564394 0.531868131868132 0.6363393547480143 0.011006380458294232 0.1573165947430365 0.3603827002499909
0.5993960606395525 0.11567791838868002 0.0 0.38722594015217626 0.0003334278621120512 0.5243328100470956 0.5554328289268899 0.011984008837329682 0.13103177716751657 0.5867935512500004
0.24860678242551626 0.49701722161677286 0.0 0.767899750602743 6.696866044723606e-05 0.6373626373626373 0.14319854602415916 0.01257576475078627 0.5868968222832484 0.4110281085714281
0.30116335025784835 0.43939311617484067 0.0 0.6776840084813077 0.005168568798063858 0.6043956043956042 0.05299782104449291 0.0053711078697470695 0.3921145547273438 0.0
0.6204266836763646 0.11775506111262907 0.0 0.42722294568673247 0.02805477278714214 0.5054945054945055 0.8031911154846416 0.008216747075394958 0.32149862691251474 0.10832000925926356
0.5404283405900407 0.1444336064066185 0.0 0.4866152950063278 0.0006915403932513336 0.5054945054945055 0.5880016869332958 0.01305022523301757 0.042761867398979914 0.236763985833349
0.5348026757811994 0.15804474081292097 0.23655189315034933 0.5264336240261676 0.05056146532222286 0.5808477237048666 0.6188735703742383 0.006583485608768362 0.008434680266771188 0.057917895178571925
0.8181701102614265 0.2896301354304754 0.0 0.4218653497794501 3.521989932733287e-05 0.5054945054945055 0.8031911154846416 0.008603835144133036 0.32149862691251474 1.152318103518522
0.7201271092173702 0.2775294082882425 0.0 0.5371804108538278 0.003522166991493275 0.5620094191522764 0.6063420658908112 0.005469378778318958 0.02451941938014901 0.6740203367857385
0.6128950170263769 0.12671211194349902 0.0 0.4261052985353544 0.27558668542312004 0.5010989010989013 0.7933225557039434 0.008189946803113989 0.32561788936837976 0.0921636519791642
0.6767165086176758 0.050405364339674186 0.4088347016297022 0.39845711196870615 0.09550498980340137 0.5384615384615385 0.8772053138398819 0.011263303620441381 0.2924676343664182 0.055918413888901064
0.49355415975845696 0.21021621847674454 0.10517501940121719 0.3986920344888284 0.09550499289326869 0.531868131868132 0.6363393547480143 0.011837521427725373 0.1573165947430365 0.4007094688749913
0.6676954495622138 0.06581958260194698 0.2256055221990769 0.40314668769087 0.12359469260413794 0.531868131868132 0.8624024741688341 0.01070748754874952 0.2981561396626128 0.07820860988889232
0.6510760384649175 0.38525058548155355 0.0 0.3834952807879054 4.2078374795503386e-07 0.28571428571428564 0.02649891052224651 0.012820133866761174 0.284032954099647 0.09098030833333316
0.5979739471289995 0.13664811941272564 0.3297594249070784 0.4069596190571691 0.0 0.3406593406593406 0.4408870457580656 0.0023851119288472965 0.2714790113770106 0.0
0.8544940100035687 0.00915841108599258 0.9063840215659845 0.31471312936550083 6.165689764761678e-08 0.42637362637362647 0.7300906726646519 0.009937968565274409 0.03020792467634359 0.5641077489999997
0.6116848086941893 0.12566022035535906 0.06386063799370992 0.42309599578705737 0.27549117762462727 0.5010989010989013 0.7933225557039434 0.008406592372356948 0.32561788936837976 0.08577428564583213
0.6165479652046284 0.11438374790591249 0.0 0.41002182715945545 0.027797547575900576 0.5054945054945055 0.8031911154846416 0.009493387980494684 0.32149862691251474 0.08784208611111488
0.3919032591984615 0.05892663310940782 0.2899767185393947 0.46134877193251267 5.1078315572859376e-05 0.5582417582417583 0.6218106417375413 0.006407194029853819 0.006669282071400606 0.5743475092500159
0.598742258841299 0.1764245527527284 0.0 0.43595373995866904 0.05055781708780251 0.4835164835164834 0.7538483165811487 0.00708269241504127 0.3418987838367987 0.11187341534027873
0.09883687481690595 0.48552398519285167 0.0 0.7863753999033967 0.09728014975146403 0.6291208791208791 0.18594925142335006 0.002500523174431144 0.49372302863868167 0.065429731428571
0.616481779174072 0.1143262201836659 0.04770657190703756 0.4231802661769996 0.02812304022181453 0.5054945054945055 0.8031911154846416 0.00850797457597878 0.32149862691251474 0.08749265305555998
0.6093412882956533 0.18819493261304016 0.0 0.3553806826689641 0.0449195822229963 0.3736263736263737 0.6320903915091025 0.010156927901401137 0.13005100039231066 0.21294245359375447
0.06601299741116384 0.4812110304674983 0.0 0.9342970140390624 0.16049653882249482 0.5646078059871162 0.2177573966935138 0.0038725208630786094 0.5423695566888976 0.03783410931034581
0.6522771450899947 0.4818172444757297 0.09537229914634637 0.3862308129913403 0.0 0.5494505494505493 0.15259717438672937 0.01850859537418128 0.12122400941545697 0.23875224899999914
0.2634565531627613 0.4628759706476741 0.0 0.7371657983871969 0.00019470377496330553 0.5384615384615385 0.1198161945596401 0.006711219478280749 0.6632012553942722 0.2319261288541661
0.6459964632082094 0.20182005508919115 0.059898705224033025 0.4112156125615008 7.494894501292532e-05 0.4142011834319527 0.6373093413931257 0.007874260752684936 0.28207140054923496 0.5950022541346199
0.6395114587875501 0.1120057406942705 0.3788342931830249 0.4197393824727635 0.0037251461801663622 0.5054945054945055 0.8031911154846416 0.008760023067867509 0.32149862691251474 0.20907920611111488
0.6564167301435089 0.07151976171668395 0.1329085487889556 0.40705261488467825 0.050589118230145044 0.5274725274725276 0.8525339143881352 0.010281568623696592 0.30207924676343645 0.06527355144444424
0.5910739466637256 0.20851799629052942 0.0 0.44430578167757817 0.09569650511619976 0.47252747252747257 0.7291769171294018 0.006271698393302216 0.35229501765398197 0.13040691206597546
0.680479119289968 0.26297222186251423 0.0 0.446122341971399 0.012630779525662593 0.47912087912087914 0.7439797568004498 0.006308093473867616 0.34601804629266375 0.5670155167638917
0.0963631687746016 0.4666529289734281 0.0 0.8018216780794739 0.0021934052295755875 0.8351648351648351 0.06259225416461667 0.015589524097725141 0.18909376225970964 0.12487033198863885
0.297427566668226 0.4596344945659222 0.0 0.7155808654202759 1.1629136959504939e-07 0.5714285714285714 0.05710972095311728 0.004036519684332104 0.38426834052569625 0.0
0.7653985983589404 0.09207049732125999 0.2371032961646857 0.4097093987542158 0.005537766368619396 0.5201465201465203 0.8360863147536373 0.009886915348381833 0.308552373479796 0.7183357692592587
0.6400528353354753 0.09605515927208419 0.26152840746640527 0.4153039219518544 0.106740870923696 0.5164835164835164 0.8278625149363885 0.009364271939302997 0.3116908591604549 0.09540841916668086
0.5982162082471614 0.1368586884738947 0.3301678715843646 0.40506585491340963 0.0 0.3406593406593406 0.4408870457580656 0.002501590768694266 0.2714790113770106 0.0012790318750015572
0.2645207934682394 0.45232706864833205 0.0 0.7669499463544863 0.11097222257435785 0.5866441251056635 0.0941168201307373 0.011747040228544343 0.5476657512750097 0.0904341623076963
0.2645207934682394 0.45232706864833205 0.0 0.7669499463544863 0.11097222257435785 0.5866441251056635 0.0941168201307373 0.011747040228544343 0.5476657512750097 0.0904341623076963
0.4974029766755119 0.10134550988701163 0.0 0.4012202702854246 0.02808970280073657 0.5243328100470956 0.5554328289268899 0.010800145142245296 0.13103177716751657 0.04831504339285786
0.8964273322413646 0.021634697640833478 0.6628272679001757 0.4019346645956596 2.141278044500149e-06 0.47252747252747257 0.794510437899768 0.0060903306684260625 0.14123185562965868 0.9031978724999998
0.7758686710968676 0.19084870895334893 0.0 0.4113554513411373 0.0014242549537650151 0.5230769230769232 0.8426653546074365 0.009832419555076827 0.3058061985092192 0.7425387319999883
0.6131415340371171 0.15769999640236848 0.0 0.44314901018510844 6.364003066534877e-06 0.4908424908424908 0.7702959162156462 0.006775420419457116 0.33503334641035687 0.14854936974537306
0.6535570090501666 0.191047079873077 0.0 0.44160396048167433 0.0014142468735541406 0.47912087912087914 0.7439797568004498 0.006602238303469423 0.34601804629266375 0.4248786464305585
0.6153226594836172 0.15572883145967686 0.0 0.4254131316594467 0.0004304966053894725 0.4908424908424908 0.7702959162156462 0.007989958027037544 0.33503334641035687 0.16006475030092915
0.4959794565032427 0.15755460322726134 0.08820405995997226 0.49383180077752914 0.7197580011092883 0.49419152276295136 0.6109630581690748 0.00938271317666304 0.24597881522165543 0.05068252628573512
0.1967444376078762 0.4870103912164977 0.0 0.9102576970255419 0.005404149832130908 0.4761904761904762 0.4334247088868586 0.002941869521350896 0.04472342094939186 0.3416804688888888
0.7201271092173702 0.2775294082882425 0.0 0.5371804108538278 0.003522166991493275 0.5620094191522764 0.6063420658908112 0.005469378778318958 0.02451941938014901 0.6740203367857385
0.8153752333848389 0.05351233600150046 1.0 0.3303426078040216 4.2772190454681575e-06 0.42637362637362647 0.7300906726646519 0.008441921486914854 0.03020792467634359 0.3575778584999991
0.6850705052075186 0.034411347229808986 0.32361230241391986 0.39510293980355304 0.2306312952896844 0.5450549450549451 0.8920081535109301 0.011717444855950249 0.2867791290702236 0.03010642222222337
0.6137773282978982 0.13781462904024006 0.0 0.42872974257506874 0.16296948153846222 0.49816849816849834 0.7867435158501439 0.007932573072990896 0.32816790898391524 0.1125602140393509
0.8819781506416485 0.014430642106398328 0.6348078258383368 0.315319523100149 1.081453557828358e-07 0.42637362637362647 0.7300906726646519 0.00987736064676916 0.03020792467634359 0.709211891999999
0.9585273313384395 0.9086925875243267 0.0 0.037789701711377 0.011784395488413283 0.9340659340659341 0.06396288746749146 0.4149946154974661 0.076500588466065 2.725577993629808
0.19038087865873865 0.49129643113433913 0.0 0.7674715635917918 0.0001063568844055129 0.489010989010989 0.17978140156041333 0.003146314266536037 0.9521380933699489 0.19766693625000187
0.5833575041565127 0.15019821376248893 0.24837642445778707 0.4401490603567338 0.18539087276219512 0.368131868131868 0.4603043508821256 0.00260881146308415 0.3573950568850529 0.024974497395831463
0.6648297313816176 0.19120907120595176 0.07813584936486544 0.3568111317096111 0.0047280306857171795 0.46781789638932486 0.5499502957153903 0.011775012967860696 0.21851706551588845 0.2846994424107123
0.18075196582307518 0.45135921841069043 0.0 0.7143450519793353 0.03778281823025285 0.7912087912087911 0.014620088563998213 0.01977340534309939 0.20164770498234608 0.0
0.40953447380823005 0.4388818031086255 0.0 0.7518861745511395 0.0014541690827626593 0.6208791208791209 0.179096084908976 0.007277133615941976 0.06433895645351118 0.1548675388281211
0.6068265767111896 0.15761222873666592 0.0 0.43295019230913817 0.07865116812295943 0.4908424908424908 0.7702959162156462 0.007462325827065429 0.33503334641035687 0.11520917974537248
0.6306196463506728 0.14962676190382085 0.06241065228934364 0.4137048458854596 0.0062627350531372595 0.3406593406593406 0.4408870457580656 0.001978410897324881 0.2714790113770106 0.17235489625000167
0.6106494106054405 0.12476027072605655 0.0 0.4222016167574079 0.21887385130931442 0.5010989010989013 0.7933225557039434 0.008471542827413303 0.32561788936837976 0.08030784031249816
0.7682293893583292 0.07888666052246857 0.0028387044071396528 0.4047826442310133 0.00561098091493289 0.5274725274725276 0.8525339143881352 0.010463009381611842 0.30207924676343645 0.6555950865277778
0.6705666804551951 0.06831520549893644 0.2731487154351999 0.40541644152011946 0.12359469260413794 0.531868131868132 0.8624024741688341 0.010524084087448038 0.2981561396626128 0.09336744288889244
0.5229655268782263 0.11409613615508152 0.2912020585712536 0.4123242282462848 0.05617940588237017 0.3736263736263737 0.5797126188635291 0.007431727191280171 0.21125931737936454 0.04454733714285642
0.6297045646471053 0.1103157887552964 0.16217375321651753 0.4189654323443818 0.2753356483109839 0.5098901098901099 0.8130596752653407 0.008925763919757392 0.31757551981169085 0.11069152299999983
0.6702392881083976 0.05769501407579508 0.33872482947351223 0.4018962033240169 0.07303322756281211 0.5347985347985349 0.8689815140226329 0.010884598356327504 0.2956061200470773 0.06056455129629601
0.5614613483721238 0.13899827399034326 0.0 0.4564210739760553 0.005417268846926965 0.5156382079459003 0.6470092078442395 0.006689091296623886 0.21322087092977637 0.9637718778846144
0.48126092824281463 0.4646210398728949 0.0 0.7933412711277138 0.1389108915374873 0.852515905147484 0.07507223108026617 0.01683352813403414 0.112004707728521 0.165053957368416
0.5081983513650885 0.18272528016306094 0.2299350569783114 0.5394736151471797 0.20224586100799438 0.5054945054945055 0.6487093203064596 0.0074613847063426594 0.22852098862298942 0.08831036793945303
0.1718226228718278 0.46682056967842706 0.0 0.6902400911327576 0.8476841691434421 0.5551591265876978 0.17671082695332374 0.009007175498468606 0.9999999999999999 0.16304232103895974
0.628337715097306 0.15755368610634995 0.0 0.4350374702442449 0.005635213761090572 0.4908424908424908 0.7702959162156462 0.007319264461474767 0.33503334641035687 0.2287785047453728
0.587967511202192 0.2294460517913168 0.0 0.5064910661735438 0.06098199796883396 0.543171114599686 0.6259225416461656 0.006933476616526612 0.031581012161632005 0.12560855571427165
0.6921493631959132 0.1815329351090938 0.03251235551198786 0.4387510047011313 0.01321876189249548 0.4827586206896554 0.5045505995157338 0.007853230515198671 0.34601804629266375 0.6183968394827621
0.6128950170263769 0.12671211194349902 0.0 0.4261052985353544 0.27558668542312004 0.5010989010989013 0.7933225557039434 0.008189946803113989 0.32561788936837976 0.0921636519791642
0.18764847604713641 0.45997358905230057 0.0 0.783848448759215 0.15862891852779623 0.6373626373626373 0.13758547630762452 0.011453338508758314 0.6908591604550803 0.13034675714285626
0.8473605182182107 0.0016863640954546955 0.8986643793652739 0.3370995541519906 2.808970280073657e-10 0.42637362637362647 0.7300906726646519 0.007835163002465943 0.03020792467634359 0.5264460579999994
0.6272125272916416 0.1081497541463583 0.18925376792059795 0.41795606160542437 0.2754810248824469 0.5098901098901099 0.8130596752653407 0.00900095182566054 0.31757551981169085 0.09753466466666703
0.7479494999768326 0.003549352370446457 0.38543070702119836 0.34856073041238544 0.0505614647604288 0.4761904761904762 0.8500972329608021 0.009295371977611662 0.05747351902706943 0.0
0.33568541949187214 0.4789117956338326 0.0 0.8703225037236914 0.01874833028135248 0.47912087912087914 0.27284740282561337 0.008589647238873135 0.19929384072185174 0.14423054266666568
0.6745787306466138 0.22334080174220056 0.0 0.4463750232692278 0.0024174579687161867 0.47252747252747257 0.7291769171294018 0.0061385156125042875 0.35229501765398197 0.5712753487326427
0.6440739731495615 0.08164191956589789 0.4203733202630396 0.40442346725028616 0.1067711816792972 0.5332562174667437 0.8137714427349036 0.01197231508291794 0.37308748528834823 0.08679769236841928
0.07231269066187473 0.4712924954622104 0.0 0.7671709988107195 0.16333268027208764 0.6919287608942781 0.04571928557405425 0.01837268920721529 0.36112200863083566 0.006236287931034923
0.6135269372262375 0.13759699356788346 0.04740023689907282 0.429422761985908 0.16295193390112264 0.49816849816849834 0.7867435158501439 0.0078837689870912 0.32816790898391524 0.11123825959490752
0.6032125358437785 0.1648065964127951 0.0 0.4386585912835558 0.12921263344518227 0.4879120879120879 0.7637168763618469 0.007004865665708744 0.3377795213809337 0.11186698525000073
0.6011517006202372 0.15793811067355695 0.0 0.43182507158097905 0.008524575085197768 0.4908424908424908 0.7702959162156462 0.007539983816486871 0.33503334641035687 0.08524833641203955
0.2281143536447423 0.4487267389493826 0.0 0.7721001669620775 0.004917832807541755 0.6703296703296704 0.13112391930835732 0.011399734182418152 0.04943114947038052 0.03704947750000187
0.7362434676819978 0.3114416030686876 0.0 0.4427510127919442 0.003025320260912238 0.47912087912087914 0.7439797568004498 0.00652702716392322 0.34601804629266375 0.8614266860972242
0.5833575041565127 0.15019821376248893 0.24837642445778707 0.4401490603567338 0.18539087276219512 0.368131868131868 0.4603043508821256 0.00260881146308415 0.3573950568850529 0.024974497395831463
0.5873554550801361 0.13452982067913255 0.21545562226851273 0.4334313526766647 0.0674152870026648 0.5243328100470956 0.7050276636977979 0.011618453743383168 0.4992153785798351 0.0899989142857125
0.5680677936513454 0.20078093880388598 0.2901605195441736 0.5075286016496519 0.01123587522145704 0.5243328100470956 0.6267057606763795 0.006245809628297409 0.050411926245586436 0.0
0.3041895328428137 0.4681469209371442 0.0 0.7385517724876381 0.09342271108976682 0.5957200694042799 0.0822860905690811 0.014291768375230052 0.44409572381326 0.19651447184210544
0.5958753651792335 0.17393269969981884 0.0 0.4341361183084404 0.05056146532222286 0.4835164835164834 0.7538483165811487 0.007206012620578357 0.3418987838367987 0.09673748100694456
0.7797575629083346 0.05204938627070593 0.6119552342441694 0.3166572531402852 0.022457193094886113 0.47252747252747257 0.794510437899768 0.013619182176332852 0.14123185562965868 0.28723293781249915
0.396983698554628 0.47966574471751644 0.0 0.7548710710466002 0.02292024468268204 0.6373626373626373 0.1752583116609263 0.006214223451950111 0.4574342879560612 0.02283295744444392
0.7682293893583292 0.07888666052246857 0.0028387044071396528 0.4047826442310133 0.00561098091493289 0.5274725274725276 0.8525339143881352 0.010463009381611842 0.30207924676343645 0.6555950865277778
0.22477767420661565 0.4010117485335013 0.0 0.6858650643623285 0.0010137104642749055 0.5620094191522764 0.08785106788902386 0.01184867719404599 0.29756767359748915 0.0411663560714306
0.22177926654178903 0.4373184770348491 0.0 0.7045640440890554 0.1146713589069512 0.5866441251056635 0.09622548675054488 0.011687414753218398 0.6728128677912905 0.015091572307687429
0.6821784426031592 0.05515278035185861 0.3199975493199362 0.39845377573115615 0.09550498867981325 0.5384615384615385 0.8772053138398819 0.011263582016073824 0.2924676343664182 0.08475501680556885
0.6031231377841519 0.18023233492219787 0.0 0.43968984650877974 0.05056146518177434 0.4835164835164834 0.7538483165811487 0.0068322398639300945 0.3418987838367987 0.13500252434027882
0.6040408180870043 0.19077097786678732 0.0 0.4394975442701791 0.019884988812992152 0.47912087912087914 0.7439797568004498 0.006741321950687142 0.34601804629266375 0.16345499309722467
0.6414809124793279 0.2031113705399798 0.004349957113098904 0.39340004336478457 0.0139044540096237 0.4782114437286851 0.6164698981780634 0.012063136990903264 0.4409572381326009 0.7442709684482782
0.3453215644994505 0.09512341387369394 0.2887718008414001 0.4542690340534664 0.213481741847392 0.543171114599686 0.6034049945275077 0.008345802678498764 0.2085131424087877 0.029212542142859725
0.5985628490975647 0.17626861298992497 0.0 0.4332606327596533 0.050622429808696426 0.4835164835164834 0.7538483165811487 0.007265760969569525 0.3418987838367987 0.11092621100694444
0.3462926328288931 0.16580578938335833 0.0 0.36429597784618517 9.474656754688445e-07 0.3736263736263737 0.7246081394531525 0.004633730730426444 0.06120047077285218 0.0
0.20522686806114865 0.4743143756782302 0.0 0.7811028740313422 0.4126179831491929 0.6373626373626373 0.1096283775096134 0.012919640270817531 0.5843468026677129 0.016782527588075524
0.5232762506413202 0.19111119242558328 0.0 0.5142627471800706 0.023352988464295572 0.48858833474218083 0.6233921417023969 0.0067184823405513384 0.3391526088662219 0.21610734153846245
0.5680677936513454 0.20078093880388598 0.2901605195441736 0.5075286016496519 0.01123587522145704 0.5243328100470956 0.6267057606763795 0.006245809628297409 0.050411926245586436 0.0
0.593592526166447 0.17656305161905467 0.17648980925540167 0.46148517945743694 0.2752656352885471 0.4848901098901099 0.4802927532157164 0.006445828732748779 0.3387602981561396 0.026150215937500217
0.5912684726951682 0.20868707486213256 0.0 0.44730203527064877 0.09563076004320653 0.47252747252747257 0.7291769171294018 0.006079228969698026 0.35229501765398197 0.13143392373264273
0.3721887032741418 0.4939219907065815 0.0 0.7507952707538765 0.0012532136635440218 0.5934065934065935 0.164475996344978 0.014180482929569797 0.005492349941153329 0.2305099816666676
0.6282253598594381 0.47198739897595293 0.0 0.3299028852253774 0.009215528122763538 0.46153846153846173 0.17269979616222697 0.01797617177496498 0.2956061200470773 0.17904411499999995
0.7053713868176463 0.183075413623855 0.0 0.4168458421863321 0.0018623048802376054 0.39246467817896385 0.5538663908664614 0.004403886182844843 0.31541781090623766 0.665046628285717
0.6075702512314272 0.17969698642012372 0.1441408324143283 0.5040145589693009 0.053370239465946705 0.5620094191522764 0.6063420658908112 0.00732101710115738 0.02451941938014901 0.07976976035716632
0.7090629188129114 0.10177545215772421 0.0 0.40282708563769004 0.12359469288503497 0.531868131868132 0.8624024741688341 0.01073346882205984 0.2981561396626128 0.2966106058888922
0.689733734025372 0.17522674233507068 0.0 0.4368360892988005 0.0030751006917671894 0.4835164835164834 0.7538483165811487 0.007023177813656616 0.3418987838367987 0.5922682801736121
0.6099272626996435 0.14738775516480224 0.003921088101948311 0.4279391446435251 0.10674087120459302 0.4945054945054947 0.7785197160328954 0.00789979913936912 0.3316987053746566 0.11190649994791536
0.4004898905988543 0.46945135649884684 0.0 0.7938571362607666 0.00010605941445285311 0.7304460245636715 0.15603719522531723 0.011869717323745164 0.3823067869752842 0.07132325147059149
0.465509147572714 0.18202478765740748 0.0006535146836580672 0.4693605267722553 0.1629329081836216 0.5337519623233908 0.6094749420116679 0.008126359678523695 0.3009023146331894 0.12456450249999484
0.6206527368919057 0.15636012068252036 0.019339950169505373 0.4238808602516531 0.028088217417252467 0.3406593406593406 0.4408870457580656 0.0013879936592589397 0.2714790113770106 0.11973400937500145
0.1983890091156566 0.5185284894905976 0.0 0.2911580633464021 0.022471760555207092 0.26373626373626374 0.5793210093484222 0.006919983763394019 0.014515496273048267 0.35466626212333097
0.7150502308879243 0.25167830681473413 0.0 0.4369684428580953 0.012785738618339081 0.4908424908424908 0.7702959162156462 0.007188068013909556 0.33503334641035687 0.6865823508564839
0.33784364007931567 0.36977599050035675 0.0 0.5302576888026367 0.0025761760254214686 0.5054945054945055 0.07986223378083923 0.01288498822387426 0.14515496273048256 0.0
0.669333520016739 0.05690773653763792 0.3092962463750358 0.40388164791897413 0.04494352476207554 0.5347985347985349 0.8689815140226329 0.010722773167113418 0.2956061200470773 0.05578249518518509
0.6031605183365918 0.14115619498901416 0.2932647142915492 0.4017848012571703 0.028099261614240853 0.3406593406593406 0.4408870457580658 0.0027058453126262254 0.2714790113770106 0.027382808875001885
0.7225080315817956 0.14713592328584757 0.019074459829269273 0.4290907694044055 0.012996592848824696 0.4945054945054947 0.7785197160328954 0.00781872280477064 0.3316987053746566 0.7062833153645824
0.668876113050032 0.24822594722040797 0.0 0.29033693310757674 0.011222721937223568 0.5054945054945055 0.6108455753145428 0.020232354171658508 0.06100431541781082 0.6608192877343733
0.6078023950555416 0.14554085794777388 0.0 0.4226274313764037 0.106740870923696 0.4945054945054947 0.7785197160328954 0.008279155318994855 0.3316987053746566 0.10068813578124924
0.7642199126930785 0.009049039812651427 0.6291508393579218 0.31328035871149595 0.022471890891428085 0.42637362637362647 0.7300906726646519 0.010082035177293863 0.03020792467634359 0.08750032299999866
0.6724278365233218 0.1555961268676691 0.0 0.428843037236992 0.00010172742048692352 0.4908424908424908 0.7702959162156462 0.00774767323395463 0.33503334641035687 0.4615549036342621
0.2281143536447423 0.4487267389493826 0.0 0.7721001669620775 0.004917832807541755 0.6703296703296704 0.13112391930835732 0.011399734182418152 0.04943114947038052 0.03704947750000187
0.6310430955018671 0.10114358819091834 0.2670628599436344 0.41678487967429645 0.16296120518842902 0.5128205128205128 0.8196387151191395 0.00916132088825361 0.3150255001961554 0.08668397129627436
0.2155085087975288 0.49523983242324515 0.0 0.7801598840257167 0.015431088345877643 0.6013986013986012 0.1369802616024589 0.010929260071986899 0.5637504903883873 0.17649514353535345
0.7291484474598096 0.11954902888988556 0.2826859453498346 0.4257104120932699 6.713270431159236e-05 0.5054945054945055 0.8031911154846416 0.008325095320199045 0.32149862691251474 0.6823229794444483
0.5969148214442077 0.17043547609740672 0.32526651145692925 0.4978870126765113 0.056179405788737834 0.5620094191522764 0.6063420658908112 0.007688835920212488 0.02451941938014901 0.023513789761929086
0.6662545615478521 0.06456718833110375 0.26843115631254344 0.4030208704146905 0.12359469288503497 0.531868131868132 0.8624024741688341 0.010717710925494152 0.2981561396626128 0.07060135655555833
0.6445095719183891 0.08700934079246114 0.2499489441653392 0.4129147966944015 0.07865116812295943 0.5201465201465203 0.8360863147536373 0.00963835602590659 0.308552373479796 0.0800950175925923
0.6202106002977457 0.11756724527773443 0.0 0.3929919799074693 0.00029142315256214273 0.5054945054945055 0.8031911154846416 0.010860887223625548 0.32149862691251474 0.10717918430555873
0.6242181075750353 0.1535113910437217 0.00855695788914758 0.4431288677187488 0.0055925744349301365 0.39246467817896385 0.603209189769955 0.005752518370453739 0.19674382110631627 1.052137345357142
0.6140904133681557 0.11224768749759295 0.30298574521096266 0.4216065819963033 0.028089702988001255 0.5054945054945055 0.8031911154846416 0.008622766447971428 0.32149862691251474 0.07486729611111542
0.4650701222104645 0.1300286541186111 0.020013887187027703 0.44760761496999607 0.0054669971713832205 0.4175824175824175 0.6192216677210003 0.005217101439048015 0.38779913691643764 0.30841610250000073
0.6354727037669372 0.10499372502178966 0.2188865743577176 0.4160588483874445 0.16296977985110594 0.5128205128205128 0.8196387151191395 0.00921602360935038 0.3150255001961554 0.11007034962960828
0.6357638996984882 0.1052468273536381 0.2515418862067557 0.4159130286094766 0.16298975724773782 0.5128205128205128 0.8196387151191395 0.009227032116467651 0.3150255001961554 0.11160773574072014
0.5222797656467699 0.1990478811812701 0.22370624514969564 0.5048781246494731 0.07303322756281211 0.5054945054945055 0.6243561035857377 0.006428581335332306 0.04943114947038052 0.07227514773810384
0.39339575752059774 0.4389565003304956 0.0 0.5450431834371046 0.00012508077804991387 0.3472527472527472 0.2881984958178112 0.0007396851894823364 0.6096508434680264 0.17114226899999976
0.3518427715451742 0.08675405053430002 0.31570885920843034 0.3982079286105086 0.0 0.3472527472527472 0.6686863006958601 0.002060588990652208 0.07120439387995292 0.0
0.7051829222788544 0.0764604589849689 0.19258260834048113 0.32461498302724806 0.18539203623768516 0.528428093645485 0.8974271211199771 0.017060338593545013 0.23362102785406036 0.15013759673913896
0.6045823315751788 0.17709993972258115 0.3337826246783483 0.5014761036241381 0.05617940588237017 0.5620094191522764 0.6063420658908112 0.0074723539375518705 0.02451941938014901 0.06399486214288075
0.6125255181747864 0.12639095010427037 0.0 0.42482137584244356 0.2756996717582835 0.5010989010989013 0.7933225557039434 0.008282024161275943 0.32561788936837976 0.0902128609791646
0.7793399315633603 0.20420149470870114 0.07752317934893599 0.41372581078943343 3.398854038889125e-08 0.5201465201465203 0.8360863147536373 0.009576042824069646 0.308552373479796 0.7919398609259254
0.7606663810668847 0.11490085273623551 0.15181962994731033 0.41681493142992143 0.0005095878452420799 0.5054945054945055 0.8031911154846416 0.008977330354785186 0.32149862691251474 0.8487237705555595
0.7019571271945035 0.19961164697807343 0.0 0.4429396585926061 0.011226095229632907 0.4761904761904762 0.7374007169466505 0.006446061605594602 0.34876422126324036 0.6961482750462968
0.6020316228559566 0.10176640095745093 0.0 0.42383472473367845 0.0 0.5054945054945055 0.8031911154846416 0.008460472436063363 0.32149862691251474 0.011202199722225359
0.6361885760539208 0.10561594849921307 0.20644937303435035 0.4186235643257174 0.1629340688501413 0.5128205128205128 0.8196387151191395 0.009023586826073723 0.3150255001961554 0.11384983962960772
0.3756577076389136 0.129710881199481 0.0 0.46599217103325213 0.010850591801695633 0.5582417582417583 0.6218106417375413 0.006118995353257696 0.006669282071400606 0.4885781607500164
0.7053713868176463 0.183075413623855 0.0 0.4168458421863321 0.0018623048802376054 0.39246467817896385 0.5538663908664614 0.004403886182844843 0.31541781090623766 0.665046628285717
0.6204266836763646 0.11775506111262907 0.0 0.42722294568673247 0.02805477278714214 0.5054945054945055 0.8031911154846416 0.008216747075394958 0.32149862691251474 0.10832000925926356